  -0.1312338351
  -0.3675843786
  -0.5729643744
  -0.7515946870
  -0.8741005162
  -0.9558641512
  -0.9663617726
  -0.9339886552
  -0.8288996230
  -0.6921946081
  -0.4948729462
  -0.2885159296
  -0.0437825999
   0.1809635650
   0.4174198407
   0.6049373194
   0.7796999355
   0.8832464157
   0.9577271823
   0.9505314914
   0.9099763331
   0.7915797115
   0.6484072000
   0.4447636367
   0.2354669439
  -0.0072035344
  -0.2308360392
  -0.4569699911
  -0.6402191484
  -0.7980123824
  -0.8962402257
  -0.9498272701
  -0.9390554467
  -0.8768905972
  -0.7594495094
  -0.5969213768
  -0.4008481297
  -0.1765292195
   0.0511247988
   0.2846852019
   0.4890362289
   0.6777804736
   0.8091259262
   0.9102584502
   0.9358391536
   0.9278781192
   0.8396114873
   0.7273536917
   0.5437212659
   0.3569632615
   0.1186236849
  -0.0950373429
  -0.3348541268
  -0.5214168011
  -0.7094479654
  -0.8213900783
  -0.9168389009
  -0.9244339404
  -0.9084763622
  -0.8068693889
  -0.6869323792
  -0.4973125275
  -0.3051320765
  -0.0697401149
   0.1463191339
   0.3741510985
   0.5606771245
   0.7290856749
   0.8403472698
   0.9111219098
   0.9199274939
   0.8774416201
   0.7815643005
   0.6363535742
   0.4590150298
   0.2451758257
   0.0294917589
  -0.2034640773
  -0.4047454332
  -0.6036348825
  -0.7406603054
  -0.8611835451
  -0.8988188098
  -0.9159525530
  -0.8421084323
  -0.7558882043
  -0.5843894961
  -0.4197295957
  -0.1870642364
   0.0123210557
   0.2555869878
   0.4377021358
   0.6387993488
   0.7558216104
   0.8721272270
   0.8918412807
   0.9007849789
   0.8142935048
   0.7184893357
   0.5423839219
   0.3687935401
   0.1412859334
  -0.0653657644
  -0.2934222192
  -0.4813996573
  -0.6584630172
  -0.7813808420
  -0.8673157657
  -0.8951763238
  -0.8706342112
  -0.7969325311
  -0.6678099585
  -0.5110359197
  -0.3069749933
  -0.1061732289
   0.1265209760
   0.3210658988
   0.5303973650
   0.6691327937
   0.8096690254
   0.8555632928
   0.8990710194
   0.8364313142
   0.7783850848
   0.6166263188
   0.4770663751
   0.2485529934
   0.0671106831
  -0.1804030052
  -0.3541134873
  -0.5686439011
  -0.6869760818
  -0.8244260804
  -0.8531555783
  -0.8875224688
  -0.8140926160
  -0.7433661480
  -0.5799794681
  -0.4263544921
  -0.2071895619
  -0.0115668305
   0.2152083701
   0.4031091601
   0.5866276732
   0.7201854429
   0.8188001256
   0.8656112249
   0.8566258100
   0.8061932442
   0.6911150998
   0.5572975036
   0.3613869241
   0.1790424796
  -0.0547150281
  -0.2380789569
  -0.4591335780
  -0.5947147625
  -0.7568309660
  -0.8061950523
  -0.8782349927
  -0.8225255888
  -0.7955935003
  -0.6401161482
  -0.5293896270
  -0.3024959713
  -0.1433328118
   0.1101184409
   0.2708532663
   0.4999012939
   0.6152158031
   0.7746026726
   0.8087582565
   0.8693454163
   0.8065385995
   0.7618838127
   0.6101770449
   0.4777365661
   0.2673156943
   0.0840122463
  -0.1398069285
  -0.3265769986
  -0.5139298383
  -0.6577023007
  -0.7658370668
  -0.8321875503
  -0.8354522101
  -0.8101751162
  -0.7059773819
  -0.5984072774
  -0.4077544631
  -0.2484574013
  -0.0109674245
   0.1556350591
   0.3910539319
   0.5173673447
   0.7039515483
   0.7506587607
   0.8546313404
   0.8001968815
   0.8084587378
   0.6544405069
   0.5773081067
   0.3482270782
   0.2165922299
  -0.0455996920
  -0.1879901759
  -0.4335278194
  -0.5408219493
  -0.7235526386
  -0.7590106635
  -0.8469309310
  -0.7919455254
  -0.7743707336
  -0.6331530083
  -0.5228459504
  -0.3216721848
  -0.1514538182
   0.0673419645
   0.2526707707
   0.4405305897
   0.5950221448
   0.7084950156
   0.7960645020
   0.8069573339
   0.8099587915
   0.7119159240
   0.6352597375
   0.4452300911
   0.3150798717
   0.0693425209
  -0.0732837584
  -0.3275790662
  -0.4367726750
  -0.6525381382
  -0.6886566201
  -0.8296839452
  -0.7690534156
  -0.8181656512
  -0.6590305640
  -0.6216579739
  -0.3849733415
  -0.2873330222
  -0.0122165117
   0.1054443391
   0.3705209986
   0.4639911782
   0.6721889503
   0.7042634498
   0.8209505686
   0.7706929804
   0.7811229457
   0.6492202823
   0.5615215413
   0.3704630860
   0.2132624041
   0.0023030664
  -0.1824253115
  -0.3663219356
  -0.5334636041
  -0.6465586778
  -0.7586896730
  -0.7706962833
  -0.8069663149
  -0.7081604028
  -0.6691292385
  -0.4726762512
  -0.3799701653
  -0.1189332014
  -0.0098198351
   0.2704285224
   0.3522441897
   0.6044025359
   0.6195659290
   0.8051216980
   0.7284344792
   0.8261940232
   0.6531100107
   0.6635444251
   0.4118152328
   0.3562233511
   0.0623031412
  -0.0229761999
  -0.3119185622
  -0.3848414484
  -0.6214196929
  -0.6448804085
  -0.7920276683
  -0.7432688166
  -0.7823425742
  -0.6588904249
  -0.5934566175
  -0.4141696943
  -0.2686036381
  -0.0695840569
   0.1171474364
   0.2908127357
   0.4746875804
   0.5794029624
   0.7219207392
   0.7258014273
   0.8030877829
   0.6935139823
   0.7017990389
   0.4885299520
   0.4447154540
   0.1578401228
   0.0950395873
  -0.2217393592
  -0.2626099699
  -0.5617656114
  -0.5423345751
  -0.7830663359
  -0.6773224509
  -0.8343874096
  -0.6356277838
  -0.7043898229
  -0.4276436639
  -0.4241814642
  -0.1035267932
  -0.0598161522
   0.2587861024
   0.3034337255
   0.5721070591
   0.5812853748
   0.7606686743
   0.7103416424
   0.7780435132
   0.6629714552
   0.6180817022
   0.4536725559
   0.3163013146
   0.1354401771
  -0.0585684225
  -0.2129662902
  -0.4208618681
  -0.5058166602
  -0.6881984322
  -0.6707976737
  -0.8008587834
  -0.6661662939
  -0.7357391123
  -0.4906197952
  -0.5116035704
  -0.1835688960
  -0.1844232403
   0.1842230517
   0.1660618937
   0.5273934397
   0.4553496606
   0.7661437752
   0.6142362964
   0.8450365006
   0.6051814732
   0.7459867192
   0.4311176403
   0.4923967509
   0.1346429441
   0.1434851932
  -0.2121819419
  -0.2198165431
  -0.5249909589
  -0.5140380309
  -0.7271443741
  -0.6728639200
  -0.7678881933
  -0.6626901712
  -0.6343515393
  -0.4903779844
  -0.3545623163
  -0.2013979940
   0.0092063793
   0.1311642664
   0.3751587150
   0.4241109475
   0.6612648551
   0.6039812327
   0.8045454541
   0.6245445519
   0.7757975290
   0.4778069525
   0.5863000820
   0.1959468474
   0.2849450858
  -0.1562512293
  -0.0534928573
  -0.4966497294
  -0.3461446334
  -0.7450744306
  -0.5216704619
  -0.8421266325
  -0.5370842858
  -0.7630654173
  -0.3878301416
  -0.5235236710
  -0.1087814061
  -0.1757727335
   0.2340020847
   0.2035034099
   0.5587326009
   0.5309591155
   0.7868469222
   0.7356139122
   0.8609362617
   0.7746485979
   0.7574331413
   0.6422938528
   0.4911477394
   0.3698494142
   0.1107569611
   0.0170531421
  -0.3134344055
  -0.3428692512
  -0.7062673959
  -0.6406269342
  -1.0047833413
  -0.8263763401
  -1.1713306822
  -0.8795288103
  -1.1996108424
  -0.8106302153
  -1.1124745290
  -0.6552398490
  -0.9525109422
  -0.4618939251
  -0.7684056101
  -0.2778081083
  -0.6011311074
  -0.1364966526
  -0.4739473943
  -0.0507860089
  -0.3889217619
  -0.0129562122
  -0.3305857276
  -0.0014629934
  -0.2750593523
   0.0084133182
  -0.2012250579
   0.0338829254
  -0.0999229255
   0.0777363810
   0.0220842890
   0.1276049214
   0.1446909865
   0.1614968193
   0.2424509028
   0.1573593777
   0.2948303046
   0.1028782986
   0.2946723401
   0.0016243102
   0.2515192938
  -0.1269248016
   0.1884552365
  -0.2535436782
   0.1337007698
  -0.3491990541
   0.1102802900
  -0.3948715624
   0.1278249820
  -0.3874543379
   0.1796554851
  -0.3395690799
   0.2460960150
  -0.2736374399
   0.3024444439
  -0.2128265035
   0.3282353518
  -0.1725933910
   0.3141168002
  -0.1560640904
   0.2638826895
  -0.1546870137
   0.1913530494
  -0.1533483121
   0.1138963784
  -0.1374149955
   0.0455537465
  -0.0986665514
  -0.0074534144
  -0.0378820353
  -0.0473597373
   0.0365106725
  -0.0819314449
   0.1126259929
  -0.1197062595
   0.1800269111
  -0.1656580767
   0.2332073216
  -0.2190687115
   0.2723984180
  -0.2742150166
   0.3017603644
  -0.3231816598
   0.3261569781
  -0.3592563034
   0.3481961790
  -0.3792880897
   0.3668928765
  -0.3840643662
   0.3783833447
