  -0.0831293691
  -0.3225459006
  -0.5334615885
  -0.7202972108
  -0.8518346704
  -0.9456971989
  -0.9663215554
  -0.9475718864
  -0.8507629494
  -0.7266334675
  -0.5330305951
  -0.3360906886
  -0.0886602158
   0.1309601359
   0.3770913795
   0.5636631348
   0.7542068578
   0.8596781060
   0.9539217698
   0.9493618372
   0.9296319528
   0.8121424809
   0.6877676666
   0.4812394723
   0.2860955855
   0.0356492604
  -0.1801096665
  -0.4186687215
  -0.6007161083
  -0.7739241362
  -0.8768234091
  -0.9459845200
  -0.9441106619
  -0.8941938447
  -0.7879309347
  -0.6308535271
  -0.4466093887
  -0.2181573005
  -0.0022020740
   0.2466554876
   0.4390603386
   0.6543806208
   0.7719876970
   0.9096808549
   0.9173247693
   0.9535529580
   0.8404397979
   0.7771291082
   0.5594076981
   0.4235775852
   0.1406094749
  -0.0223081733
  -0.3170733318
  -0.4543306981
  -0.7056975208
  -0.7701065819
  -0.9337661404
  -0.8953018684
  -0.9477697333
  -0.8011560894
  -0.7446822622
  -0.5111710086
  -0.3724878009
  -0.0954148436
   0.0813467434
   0.3461743236
   0.5106874212
   0.7075056345
   0.8158848109
   0.9014453030
   0.9272993218
   0.8803797427
   0.8216417550
   0.6473859087
   0.5272872415
   0.2553984178
   0.1173402806
  -0.2053913235
  -0.3078709762
  -0.6288877793
  -0.6446984631
  -0.9181205271
  -0.8108029957
  -1.0080223888
  -0.7646808632
  -0.8805804802
  -0.5154848503
  -0.5688052783
  -0.1208447145
  -0.1486186077
   0.3267641328
   0.2793785848
   0.7218499351
   0.6139105292
   0.9707507789
   0.7771032676
   1.0136201810
   0.7329342886
   0.8383698708
   0.4957038978
   0.4833056849
   0.1265498777
   0.0278760399
  -0.2811396637
  -0.4262354776
  -0.6239377871
  -0.7791665776
  -0.8129446627
  -0.9563727279
  -0.7948969272
  -0.9260062370
  -0.5648435624
  -0.7060860692
  -0.1674192676
  -0.3597951312
   0.3135505255
   0.0199437189
   0.7746216192
   0.3329279857
   1.1168293753
   0.4958325486
   1.2686100586
   0.4623366116
   1.2021409953
   0.2344618565
   0.9392712537
  -0.1375467960
   0.5456904944
  -0.5667517530
   0.1147712712
  -0.9497230809
  -0.2550408194
  -1.1906277942
  -0.4838998489
  -1.2235242381
  -0.5296705617
  -1.0276206314
  -0.3979491718
  -0.6319366332
  -0.1406296300
  -0.1083223064
   0.1566315997
   0.4454574178
   0.3950728093
   0.9285246079
   0.4867120693
   1.2601539594
   0.3758129063
   1.3979927774
   0.0528670858
   1.3469430660
  -0.4421912410
   1.1566426471
  -1.0282776938
   0.9081930322
  -1.6009801512
   0.6933315642
  -2.0556982582
   0.5910315322
  -2.3106528154
   0.6471163403
  -2.3243757823
   0.8617533170
  -2.1036230680
   1.1878235141
  -1.6999380459
   1.5405909817
  -1.1957899229
   1.8164285727
  -0.6836784864
   1.9162275744
  -0.2432522171
   1.7680267553
   0.0780590040
   1.3435971416
   0.2762463904
   0.6651600683
   0.3910610670
  -0.1992472233
   0.4953774260
  -1.1505674780
   0.6760786163
  -2.0801072520
   1.0109764748
  -2.8924089884
   1.5472237179
  -3.5241999740
   2.2863320880
  -3.9549790684
   3.1793613998
  -4.2068238739
   4.1334604146
  -4.3335902550
   5.0282866498
  -4.4022179590
   5.7385359161
  -4.4707485983
   6.1574141389
  -4.5684587687
   6.2157102874
  -4.6830252965
   5.8922156914
  -4.7579888789
   5.2133192502
  -4.7013590358
   4.2421924294
  -4.4035810481
   3.0604482499
  -3.7608833882
   1.7469293943
  -2.6987598465
   0.3589341258
  -1.1903086989
  -1.0794273149
   0.7346456286
  -2.5787901425
   2.9915740400
  -4.1754949039
   5.4537497731
  -5.9140100902
   7.9721777628
  -7.8249680644
  10.3982229234
  -9.9040801665
  12.6036878625
 -12.0970749878
  14.4938176485
 -14.2944752770
  16.0105110872
 -16.3378087856
  17.1254619055
 -18.0362607333
  17.8254555479
 -19.1904292405
  18.0940116716
 -19.6182892442
  17.8945211144
 -19.1780652017
  17.1597501939
 -17.7835448844
  15.7911380982
 -15.4092293803
  13.6690349107
 -12.0851586397
  10.6724540455
  -7.8836922448
   6.7046477042
  -2.9023795677
   1.7193872502
   2.7521188321
  -4.2574270302
   8.9744915683
 -11.1152359552
  15.6625737305
 -18.6578239194
  22.7097228343
 -26.6138250340
  29.9895215996
 -34.6562838365
  37.3366854865
 -42.4270298012
  44.5292979839
 -49.5608767712
  51.2775575561
 -55.7051183592
  57.2230759630
 -60.5313343364
  61.9506801086
 -63.7387688783
  65.0121204045
 -65.0509402464
  65.9586652705
 -64.2091078742
  64.3778180520
 -60.9672743378
  59.9287198543
 -55.0932707598
  52.3713351841
 -46.3791789013
  41.5861069737
 -34.6621718453
  27.5830152531
 -19.8543055586
  10.5013285870
  -1.9774535965
  -9.3967724015
  18.8020136394
 -31.7345510600
  42.1446805212
 -56.0270867639
  67.5208016003
 -81.6829918684
  94.2076291436
-108.0008879263
 121.3022909248
-134.1624261323
 147.7486760725
-159.2257110506
 172.3747988243
-182.1242466040
 193.9360505373
-201.6766372568
 211.1598263108
-216.6111774762
 222.7881541521
-225.6073607123
 227.6168329549
-227.3536766309
 224.5316925735
-220.6184092224
 212.5443597201
-204.3280586175
 190.8308605476
-177.6469084239
 158.7762234049
-140.0513361093
 116.0269385024
 -91.3936288358
  62.5509344881
 -31.9519827497
  -1.2978878482
  37.5344752983
 -74.7159906793
 115.8449471689
-156.3945884236
 201.2687127956
-244.4799271926
 291.6075042110
-336.5566725544
 384.1875789962
-429.6598545376
 475.8822508332
-520.3182610650
 563.1475876969
-604.6293452912
 642.0756475748
-678.3631723970
 708.4704666445
-737.0911333833
 757.9516910747
-776.3343494850
 786.0891479893
-791.7268726976
 788.5689586901
-779.1896933512
 761.3884232935
-735.1127464558
 701.0734129428
-656.5430434744
 604.9089770008
-541.3772823649
 471.1717826656
-388.5565198371
 299.3521168863
-198.2586932884
  90.3534967470
  27.9178051087
-153.3407942708
 286.7892084118
-427.5431286347
 573.4524562036
-726.2859690983
 881.1964081438
***************
1201.4727886812
***************
1523.9403844900
***************
1836.5934392073
***************
2125.9814169267
***************
2377.5228229612
***************
2575.9111319486
***************
2705.6065751769
***************
2751.4039101078
***************
2699.0634340479
***************
2535.9902744715
***************
2251.9450754264
***************
1839.7672112382
***************
1296.0892522328
-976.4799515829
 622.0184041280
-239.0910305332
-176.2428902136
 617.6272995504
***************
1578.7809889953
***************
2623.2581216129
***************
3723.6234493870
***************
4846.2370339180
***************
5951.6218529751
***************
6995.1007334715
***************
7927.7176988542
***************
8697.4523820142
***************
9250.7281010452
***************
9534.2041387202
***************
9496.8305254310
***************
9092.1293294118
***************
8280.6506020180
***************
7032.5345508787
***************
5330.0953167280
***************
3170.3271141910
***************
 567.2215966879
 890.4822151935
***************
4090.4925586139
***************
7612.3336705799
***************
***************
***************
***************
***************
***************
***************
***************
***************
***************
***************
***************
***************
***************
***************
***************
***************
***************
***************
***************
***************
***************
***************
***************
***************
***************
***************
***************
***************
5831.7818645027
***************
***************
9547.6471070751
***************
***************
***************
***************
***************
***************
***************
***************
***************
***************
***************
***************
***************
***************
***************
***************
***************
***************
***************
***************
***************
***************
***************
***************
***************
***************
***************
***************
***************
***************
***************
***************
***************
 414.0903979727
