  -0.1226552478
  -0.3580808977
  -0.5682708387
  -0.7446431383
  -0.8742691122
  -0.9521337932
  -0.9715085709
  -0.9332324994
  -0.8381326013
  -0.6933431422
  -0.5065818286
  -0.2900362163
  -0.0560777664
   0.1806159995
   0.4062501158
   0.6069045917
   0.7708290763
   0.8879966579
   0.9516075526
   0.9577867124
   0.9063622211
   0.8004428473
   0.6465552799
   0.4539917928
   0.2344413099
   0.0011330061
  -0.2318487965
  -0.4504999055
  -0.6416735688
  -0.7939195229
  -0.8981331809
  -0.9481274646
  -0.9409795527
  -0.8772168395
  -0.7607680294
  -0.5987295594
  -0.4009270692
  -0.1793241556
   0.0527044570
   0.2811777169
   0.4923523673
   0.6735483642
   0.8139110935
   0.9050609490
   0.9415939671
   0.9214018102
   0.8457934109
   0.7194104105
   0.5499424144
   0.3476591358
   0.1247881431
  -0.1052242492
  -0.3285241765
  -0.5316846235
  -0.7025127506
  -0.8307816135
  -0.9088423713
  -0.9320803266
  -0.8991876262
  -0.8122364990
  -0.6765489673
  -0.5003711961
  -0.2943724123
  -0.0709988279
   0.1562783032
   0.3737750754
   0.5684187748
   0.7285335806
   0.8445409029
   0.9095323534
   0.9196810767
   0.8744669570
   0.7767024535
   0.6323578407
   0.4501967008
   0.2412439188
   0.0181184714
  -0.2057286123
  -0.4168251039
  -0.6024883645
  -0.7515872765
  -0.8552095465
  -0.9071943765
  -0.9044986722
  -0.8473750224
  -0.7393510527
  -0.5870117217
  -0.3995979883
  -0.1884463049
   0.0336970689
   0.2534454616
   0.4575784528
   0.6338371990
   0.7716605767
   0.8628179418
   0.9019005955
   0.8866426141
   0.8180520182
   0.7003446998
   0.5406854105
   0.3487517159
   0.1361474509
  -0.0842987780
  -0.2993076381
  -0.4959489601
  -0.6624192942
  -0.7887503756
  -0.8674059783
  -0.8937314229
  -0.8662289323
  -0.7866425498
  -0.6598478263
  -0.4935532364
  -0.2978316034
  -0.0845100136
   0.1335448326
   0.3432026522
   0.5318601906
   0.6881988100
   0.8028635182
   0.8690227030
   0.8827750870
   0.8433796616
   0.7532950589
   0.6180263039
   0.4457884902
   0.2470079199
   0.0336909987
  -0.1813009170
  -0.3850269239
  -0.5652454829
  -0.7111499540
  -0.8140165653
  -0.8677259641
  -0.8691271732
  -0.8182223104
  -0.7181612504
  -0.5750468645
  -0.3975628722
  -0.1964469931
   0.0161586396
   0.2274405091
   0.4246859372
   0.5960479618
   0.7312568525
   0.8222355327
   0.8635820312
   0.8528901508
   0.7908893211
   0.6813955202
   0.5310765297
   0.3490459576
   0.1463107423
  -0.0648943693
  -0.2718451336
  -0.4620943598
  -0.6242205189
  -0.7485133927
  -0.8275556029
  -0.8566651973
  -0.8341728874
  -0.7615175271
  -0.6431543866
  -0.4862820512
  -0.3004046792
  -0.0967562355
   0.1123784233
   0.3144045832
   0.4971761310
   0.6497257608
   0.7629230349
   0.8300208144
   0.8470573614
   0.8130901515
   0.7302476055
   0.6035959266
   0.4408293638
   0.2518028310
   0.0479352722
  -0.1584801118
  -0.3550171080
  -0.5298645162
  -0.6725359264
  -0.7744985976
  -0.8296837270
  -0.8348475959
  -0.7897621075
  -0.6972235296
  -0.5628792189
  -0.3948830534
  -0.2034005923
   0.0000060072
   0.2030761049
   0.3935895725
   0.5601021294
   0.6926327736
   0.7832620161
   0.8266050665
   0.8201316987
   0.7643138021
   0.6625920216
   0.5211637957
   0.3486058403
   0.1553540738
  -0.0469274852
  -0.2460506843
  -0.4300375811
  -0.5878409250
  -0.7100074379
  -0.7892440755
  -0.8208533497
  -0.8030117326
  -0.7368746466
  -0.6265020083
  -0.4786091042
  -0.3021580798
  -0.1078148870
   0.0926954037
   0.2872959649
   0.4642855719
   0.6130421577
   0.7246602618
   0.7924841208
   0.8125044919
   0.7835955542
   0.7075778955
   0.5891040803
   0.4353739808
   0.2556972811
   0.0609297377
  -0.1371826714
  -0.3267120859
  -0.4962668788
  -0.6356763136
  -0.7366005981
  -0.7930297445
  -0.8016413979
  -0.7619963332
  -0.6765601226
  -0.5505499585
  -0.3916161373
  -0.2093776464
  -0.0148400440
   0.1802691431
   0.3642073705
   0.5259237635
   0.6557230111
   0.7458465869
   0.7909364531
   0.7883535387
   0.7383320642
   0.6439606985
   0.5109919666
   0.3474916625
   0.1633496298
  -0.0303184194
  -0.2218418704
  -0.3996984558
  -0.5532074163
  -0.6731708746
  -0.7524249091
  -0.7862673155
  -0.7727365152
  -0.7127250737
  -0.6099212692
  -0.4705825141
  -0.3031545396
  -0.1177595192
   0.0744158510
   0.2617953222
   0.4331103919
   0.5780779288
   0.6880173802
   0.7563705158
   0.7790925924
   0.7548916115
   0.6853015221
   0.5745852385
   0.4294735893
   0.2587561810
   0.0727490397
  -0.1173287256
  -0.3000315772
  -0.4643767117
  -0.6005042359
  -0.7002686762
  -0.7577263370
  -0.7694893512
  -0.7349253380
  -0.6561909048
  -0.5380972552
  -0.3878162651
  -0.2144449810
  -0.0284549814
   0.1589400701
   0.3364604858
   0.4934394702
   0.6204640311
   0.7099393780
   0.7565429693
   0.7575410657
   0.7129489676
   0.6255255515
   0.5006027078
   0.3457602174
   0.1703658887
  -0.0149911485
  -0.1991397115
  -0.3709998039
  -0.5202492554
  -0.6379436537
  -0.7170523394
  -0.7528783455
  -0.7433372029
  -0.6890780659
  -0.5934401282
  -0.4622472270
  -0.3034532594
  -0.1266600010
   0.0574634498
   0.2378244973
   0.4035752970
   0.5447651705
   0.6529379509
   0.7216384022
   0.7467973865
   0.7269727999
   0.6634320165
   0.5600711409
   0.4231761977
   0.2610408915
   0.0834641769
  -0.0988419264
  -0.2748984880
  -0.4341208160
  -0.5669547882
  -0.6654501127
  -0.7237361233
  -0.7383716372
  -0.7085480292
  -0.6361335443
  -0.5255564432
  -0.3835342813
  -0.2186658650
  -0.0409106697
   0.1390127661
   0.3102731331
   0.4625783622
   0.5867941062
   0.6754915287
   0.7233915505
   0.7276789911
   0.6881679138
   0.6073084717
   0.4900351040
   0.3434654797
   0.1764685550
  -0.0008720470
  -0.1778668656
  -0.3438648823
  -0.4888944188
  -0.6042620884
  -0.6830738251
  -0.7206467590
  -0.7147873326
  -0.6659191354
  -0.5770530097
  -0.4536014813
  -0.3030489323
  -0.1344975959
   0.0418831106
   0.2154706281
   0.3758296291
   0.5133401581
   0.6197757772
   0.6887970258
   0.7163306613
   0.7008120686
   0.6432764992
   0.5472939187
   0.4187516579
   0.2654982079
   0.0968698227
  -0.0768714037
  -0.2451540598
  -0.3977314074
  -0.5252947487
  -0.6200294223
  -0.6760802315
  -0.6898986632
  -0.6604514646
  -0.5892785710
  -0.4803975135
  -0.3400607176
  -0.1763809766
   0.0011517010
   0.1822321840
   0.3563469121
   0.5133883110
   0.6442397713
   0.7412960503
   0.7988881230
   0.8135875895
   0.7843733491
   0.7126519207
   0.6021319624
   0.4585626747
   0.2893542488
   0.1031058360
  -0.0909278317
  -0.2833964066
  -0.4654043466
  -0.6290166773
  -0.7676883110
  -0.8765905952
  -0.9528159843
  -0.9954502501
  -1.0055108851
  -0.9857596818
  -0.9404062233
  -0.8747265759
  -0.7946272536
  -0.7061880943
  -0.6152187364
  -0.5268617997
  -0.4452717385
  -0.3733919191
  -0.3128442609
  -0.2639363878
  -0.2257814239
  -0.1965161389
  -0.1735949042
  -0.1541306094
  -0.1352498751
  -0.1144289900
  -0.0897791287
  -0.0602544296
  -0.0257640351
   0.0128214532
   0.0537683239
   0.0946718068
   0.1327214143
   0.1650118101
   0.1888668195
   0.2021428133
   0.2034797575
   0.1924735552
   0.1697514157
   0.1369420468
   0.0965434429
   0.0517017668
   0.0059241485
  -0.0372448697
  -0.0745497959
  -0.1033199878
  -0.1217047167
  -0.1288241506
  -0.1248221006
  -0.1108170104
  -0.0887585277
  -0.0612068786
  -0.0310600719
  -0.0012588382
   0.0254993144
   0.0470075804
   0.0617347259
   0.0689309079
   0.0686472425
   0.0616716015
   0.0493921092
   0.0336071199
   0.0163053237
  -0.0005584006
  -0.0152667709
  -0.0265026350
  -0.0334552352
  -0.0358624263
  -0.0339887711
  -0.0285466854
  -0.0205738022
  -0.0112838418
  -0.0019101512
   0.0064393903
   0.0129000101
   0.0169284835
   0.0183361012
   0.0172757767
   0.0141884938
   0.0097189203
   0.0046131681
  -0.0003869688
  -0.0046394913
  -0.0076758434
  -0.0092448233
  -0.0093233214
  -0.0080951391
  -0.0059034000
  -0.0031853378
  -0.0004000983
   0.0020395598
