  -0.1313975272
  -0.3674734676
  -0.5734344885
  -0.7513233445
  -0.8748524009
  -0.9552904481
  -0.9673580915
  -0.9329924988
  -0.8300982117
  -0.6907053168
  -0.4962509509
  -0.2865353749
  -0.0453505598
   0.1833538400
   0.4156203493
   0.6075882658
   0.7776154577
   0.8859704481
   0.9553232658
   0.9531407752
   0.9072709597
   0.7939232812
   0.6454960477
   0.4467527780
   0.2325313010
  -0.0055892292
  -0.2335435589
  -0.4556981791
  -0.6424099323
  -0.7970311985
  -0.8976388110
  -0.9491068690
  -0.9394508522
  -0.8764606011
  -0.7587356665
  -0.5968921183
  -0.3990424063
  -0.1770884098
   0.0538907699
   0.2833024240
   0.4925521148
   0.6753428345
   0.8131562178
   0.9065995426
   0.9401809769
   0.9229518520
   0.8441411940
   0.7212691782
   0.5484165327
   0.3499884007
   0.1235537723
  -0.1025069692
  -0.3295690904
  -0.5289184062
  -0.7036993607
  -0.8284704239
  -0.9105978836
  -0.9307244613
  -0.9018495854
  -0.8121413655
  -0.6801887647
  -0.5014982666
  -0.2986906549
  -0.0729142064
   0.1519409140
   0.3718263763
   0.5649451579
   0.7274373153
   0.8428049872
   0.9100456464
   0.9202807274
   0.8769624916
   0.7797362479
   0.6366500461
   0.4551571671
   0.2465584854
   0.0239468104
  -0.2006169779
  -0.4115206916
  -0.5989715391
  -0.7481944537
  -0.8544805330
  -0.9067233712
  -0.9071995198
  -0.8501493375
  -0.7453331860
  -0.5925139372
  -0.4078713985
  -0.1953751023
   0.0247946428
   0.2469038639
   0.4500183995
   0.6295776751
   0.7672466438
   0.8623267062
   0.9017952684
   0.8905737841
   0.8224306571
   0.7082793899
   0.5486180369
   0.3592160861
   0.1457553795
  -0.0735425744
  -0.2904415677
  -0.4873950511
  -0.6566752849
  -0.7845405411
  -0.8665232951
  -0.8950947144
  -0.8708257713
  -0.7935290219
  -0.6691948126
  -0.5045666484
  -0.3099514896
  -0.0971742147
   0.1214575948
   0.3318917493
   0.5227878251
   0.6810586853
   0.7992324674
   0.8679776864
   0.8858222292
   0.8489397175
   0.7626964047
   0.6290907903
   0.4596563961
   0.2610593199
   0.0489587608
  -0.1676427566
  -0.3719101629
  -0.5554294434
  -0.7033719977
  -0.8107127172
  -0.8673150782
  -0.8735332176
  -0.8255007734
  -0.7296412821
  -0.5884803514
  -0.4137219301
  -0.2129436215
  -0.0010356008
   0.2118366788
   0.4105113260
   0.5852238283
   0.7235950749
   0.8190562736
   0.8644912063
   0.8584602025
   0.8004363126
   0.6947225901
   0.5472463267
   0.3672052788
   0.1654206168
  -0.0461177158
  -0.2543099804
  -0.4472253205
  -0.6125393749
  -0.7412969287
  -0.8247255803
  -0.8591289266
  -0.8411393711
  -0.7734209219
  -0.6585154321
  -0.5050991981
  -0.3206767118
  -0.1182135166
   0.0919805569
   0.2953493227
   0.4816186761
   0.6376871738
   0.7561546340
   0.8280574174
   0.8510212908
   0.8219193934
   0.7443512182
   0.6213536580
   0.4620128714
   0.2744211885
   0.0713402640
  -0.1363506582
  -0.3349247782
  -0.5135974877
  -0.6606486357
  -0.7681939224
  -0.8290539881
  -0.8403074434
  -0.8008172853
  -0.7134568110
  -0.5832500133
  -0.4182722572
  -0.2284206190
  -0.0251008977
   0.1793034617
   0.3727581322
   0.5433134077
   0.6811937480
   0.7776480136
   0.8275445077
   0.8272913695
   0.7777160369
   0.6810866748
   0.5441220715
   0.3742353451
   0.1826001460
  -0.0201764949
  -0.2209334471
  -0.4085850174
  -0.5709003694
  -0.6991436345
  -0.7846971397
  -0.8234410828
  -0.8121910847
  -0.7526074132
  -0.6474741744
  -0.5040163829
  -0.3301194003
  -0.1370289631
   0.0643240111
   0.2611803816
   0.4423141914
   0.5963306837
   0.7144985397
   0.7893563100
   0.8168341135
   0.7950589542
   0.7256544935
   0.6126899162
   0.4631388002
   0.2859854688
   0.0919199115
  -0.1073194483
  -0.2998582550
  -0.4739854642
  -0.6194697185
  -0.7273711760
  -0.7915524868
  -0.8079045659
  -0.7758777715
  -0.6970867403
  -0.5767529090
  -0.4217364393
  -0.2418606686
  -0.0475025033
   0.1491568675
   0.3367870804
   0.5036370424
   0.6402085971
   0.7378546295
   0.7912545388
   0.7967959881
   0.7546846918
   0.6670793543
   0.5397456172
   0.3799872042
   0.1978419540
   0.0039249834
  -0.1897560628
  -0.3718764486
  -0.5312297135
  -0.6585320669
  -0.7459622780
  -0.7885246772
  -0.7835707259
  -0.7316060213
  -0.6357259102
  -0.5018323832
  -0.3379885345
  -0.1540988836
   0.0387415341
   0.2289743709
   0.4051071077
   0.5566718625
   0.6744872433
   0.7516644211
   0.7834761006
   0.7682564107
   0.7068057171
   0.6030928329
   0.4632008755
   0.2958179313
   0.1108101652
  -0.0804384580
  -0.2666729080
  -0.4364642364
  -0.5798864676
  -0.6881166860
  -0.7549541689
  -0.7762077069
  -0.7509090725
  -0.6804234355
  -0.5692782885
  -0.4240049915
  -0.2535864097
  -0.0681127015
   0.1210726969
   0.3027603579
   0.4658976216
   0.6008469935
   0.6994263336
   0.7558750125
   0.7667801358
   0.7316322539
   0.6525588258
   0.5344229750
   0.3843573354
   0.2114413279
   0.0261019749
  -0.1605212440
  -0.3371851691
  -0.4933329699
  -0.6195628546
  -0.7084027581
  -0.7545004129
  -0.7552381153
  -0.7105517193
  -0.6232980719
  -0.4986810384
  -0.3443590277
  -0.1695346380
   0.0151358251
   0.1986644783
   0.3699020726
   0.5187057081
   0.6360455431
   0.7150465054
   0.7509004859
   0.7416424999
   0.6877836029
   0.5927439129
   0.4621905143
   0.3041271150
   0.1279963396
  -0.0554994853
  -0.2354091191
  -0.4008512421
  -0.5419799272
  -0.6502915623
  -0.7193867853
  -0.7451289221
  -0.7260806336
  -0.6634254402
  -0.5610217570
  -0.4250684994
  -0.2637966384
  -0.0869337151
   0.0948744529
   0.2706851250
   0.4299633813
   0.5631417406
   0.6622905466
   0.7214717434
   0.7372337789
   0.7086541201
   0.6375693209
   0.5282656822
   0.3874264639
   0.2235057910
   0.0464488215
  -0.1331472627
  -0.3044255431
  -0.4571718527
  -0.5821750863
  -0.6720319793
  -0.7213370547
  -0.7272533010
  -0.6894336989
  -0.6102768571
  -0.4945469258
  -0.3493062480
  -0.1832743216
  -0.0065028960
   0.1704201715
   0.3368313820
   0.4827960499
   0.5995557271
   0.6801872617
   0.7198979072
   0.7164141229
   0.6700278397
   0.5836480073
   0.4625672119
   0.3141822731
   0.1475232842
  -0.0272789190
  -0.1995966644
  -0.3589602872
  -0.4956530587
  -0.6013353845
  -0.6694857135
  -0.6958548375
  -0.6786395454
  -0.6186738298
  -0.5192812164
  -0.3861769407
  -0.2270173304
  -0.0510593148
   0.1315062846
   0.3100315214
   0.4741590910
   0.6142955895
   0.7222889198
   0.7917594723
   0.8185750831
   0.8009370324
   0.7395708452
   0.6375250611
   0.5000653877
   0.3342158672
   0.1484150555
  -0.0481062461
  -0.2457925757
  -0.4354141715
  -0.6085181347
  -0.7579644081
  -0.8782306674
  -0.9657206173
  -1.0188370146
  -1.0380074070
  -1.0255065456
  -0.9852173757
  -0.9222558293
  -0.8425524204
  -0.7523892510
  -0.6579311499
  -0.5648101882
  -0.4777419830
  -0.4002788166
  -0.3346136421
  -0.2815720575
  -0.2406426273
  -0.2102049011
  -0.1877489438
  -0.1702636720
  -0.1545449851
  -0.1376197079
  -0.1170119829
  -0.0910703991
  -0.0590777790
  -0.0213868538
   0.0206844756
   0.0649320259
   0.1085631266
   0.1484327992
   0.1814399465
   0.2048041369
   0.2164266153
   0.2150760640
   0.2005925883
   0.1738876285
   0.1369284917
   0.0925329352
   0.0441564660
  -0.0044535938
  -0.0495697584
  -0.0878472527
  -0.1166002383
  -0.1340495516
  -0.1394482586
  -0.1331277972
  -0.1164238220
  -0.0915146468
  -0.0611831333
  -0.0285219924
   0.0033655468
   0.0316722045
   0.0541232477
   0.0691789429
   0.0761160779
   0.0750635271
   0.0669043886
   0.0531564760
   0.0357437740
   0.0167966853
  -0.0016119346
  -0.0176463981
  -0.0299095440
  -0.0375209912
  -0.0401956419
  -0.0381903769
  -0.0322574588
  -0.0234873649
  -0.0131864340
  -0.0026832009
   0.0067959719
   0.0142826762
   0.0191288143
   0.0210748907
   0.0202221194
   0.0170062756
   0.0120952516
   0.0063021899
   0.0004566696
  -0.0046877412
  -0.0085526437
  -0.0107833566
  -0.0112808752
  -0.0101852266
  -0.0078372451
  -0.0047114011
  -0.0013375217
