  -0.1478899592
  -0.3813272402
  -0.5893967909
  -0.7611426945
  -0.8862768685
  -0.9577851132
  -0.9713444748
  -0.9263715215
  -0.8256178275
  -0.6752944137
  -0.4845201719
  -0.2648756587
  -0.0296371293
   0.2069875252
   0.4307395485
   0.6281549671
   0.7873826905
   0.8988912036
   0.9560418204
   0.9554822272
   0.8973438899
   0.7852276887
   0.6259813700
   0.4292812086
   0.2070442121
  -0.0272938778
  -0.2595907910
  -0.4758511927
  -0.6630698165
  -0.8100135265
  -0.9078952527
  -0.9508993861
  -0.9365272148
  -0.8657418924
  -0.7429045404
  -0.5755056881
  -0.3737085821
  -0.1497322021
   0.0828885618
   0.3101207816
   0.5182799926
   0.6948542641
   0.8292562164
   0.9134577867
   0.9424696917
   0.9146369539
   0.8317329950
   0.6988469655
   0.5240714522
   0.3180097176
   0.0931324749
  -0.1369767876
  -0.3584422629
  -0.5579325110
  -0.7234629236
  -0.8451156683
  -0.9156338660
  -0.9308544076
  -0.8899536001
  -0.7954911562
  -0.6532502161
  -0.4718833894
  -0.2623864731
  -0.0374318544
   0.1893979951
   0.4044305721
   0.5947274330
   0.7488626552
   0.8576088332
   0.9144894261
   0.9161643975
   0.8626261884
   0.7571945366
   0.6063107925
   0.4191444673
   0.2070360411
  -0.0171901155
  -0.2400010791
  -0.4479721003
  -0.6285954290
  -0.7710325118
  -0.8667643268
  -0.9101008374
  -0.8985191033
  -0.8328099615
  -0.7170247639
  -0.5582257173
  -0.3660552046
  -0.1521503464
   0.0705616550
   0.2886447227
   0.4889644580
   0.6594791413
   0.7899635479
   0.8726220731
   0.9025544047
   0.8780459312
   0.8006656797
   0.6751662083
   0.5091918201
   0.3128130074
   0.0979154749
  -0.1225191934
  -0.3351976894
  -0.5273165972
  -0.6873331290
  -0.8056585910
  -0.8752329157
  -0.8919458426
  -0.8548796231
  -0.7663589262
  -0.6318052636
  -0.4594050376
  -0.2596115318
  -0.0445111353
   0.1729077753
   0.3795390734
   0.5629488898
   0.7121237708
   0.8181319745
   0.8746581983
   0.8783797287
   0.8291616153
   0.7300594102
   0.5871296370
   0.4090597329
   0.2066400726
  -0.0078898444
  -0.2215814269
  -0.4215585063
  -0.5957931637
  -0.7338291277
  -0.8274092368
  -0.8709693168
  -0.8619689367
  -0.8010393867
  -0.6919402702
  -0.5413276494
  -0.3583480350
  -0.1540829820
   0.0591219850
   0.2684034823
   0.4611563225
   0.6257926973
   0.7524387675
   0.8335267853
   0.8642472454
   0.8428340522
   0.7706658008
   0.6521773808
   0.4945875490
   0.3074592002
   0.1021191183
  -0.1090275876
  -0.3132468694
  -0.4982436825
  -0.6529021729
  -0.7679535514
  -0.8365315303
  -0.8545820386
  -0.8211027738
  -0.7381984413
  -0.6109486641
  -0.4470968398
  -0.2565789988
  -0.0509213255
   0.1574571280
   0.3559943553
   0.5327426551
   0.6770875902
   0.7803853853
   0.8364804884
   0.8420723113
   0.7969093021
   0.7037989468
   0.5684334092
   0.3990416272
   0.2058891261
   0.0006559470
  -0.2042696135
  -0.3965387514
  -0.5645862578
  -0.6983261421
  -0.7897569365
  -0.8334403587
  -0.8268247006
  -0.7703937181
  -0.6676323441
  -0.5248116017
  -0.3506059841
  -0.1555666422
   0.0485176279
   0.2493329008
   0.4347830776
   0.5937184588
   0.7166060519
   0.7961013187
   0.8274870737
   0.8089533094
   0.7417013543
   0.6298663846
   0.4802632651
   0.3019713361
   0.1057834398
  -0.0964473823
  -0.2925239759
  -0.4706406872
  -0.6200941384
  -0.7319263758
  -0.7994617460
  -0.8187053266
  -0.7885791361
  -0.7109821616
  -0.5906708858
  -0.4349678160
  -0.2533158712
  -0.0567057419
   0.1429890547
   0.3337291954
   0.5040353512
   0.6436790127
   0.7442967703
   0.7998911589
   0.8071880784
   0.7658294922
   0.6783900717
   0.5502170786
   0.3891034365
   0.2048139731
   0.0084936315
  -0.1880064858
  -0.3728444884
  -0.5349013045
  -0.6644495208
  -0.7537372268
  -0.7974518230
  -0.7930360449
  -0.7408374098
  -0.6440823610
  -0.5086769650
  -0.3428464641
  -0.1566356806
   0.0386993873
   0.2313719287
   0.4097755202
   0.5631832529
   0.6823926749
   0.7602777754
   0.7922149036
   0.7763571686
   0.7137410410
   0.6082190154
   0.4662226862
   0.2963708010
   0.1089461745
  -0.0847267950
  -0.2729663231
  -0.4444378179
  -0.5888363431
  -0.6975058774
  -0.7639581590
  -0.7842600175
  -0.7572660749
  -0.6846830533
  -0.5709620991
  -0.4230259040
  -0.2498473459
  -0.0619052926
   0.1294494278
   0.3126795309
   0.4767568574
   0.6118260954
   0.7097967032
   0.7648274795
   0.7736747646
   0.7358835174
   0.6538100207
   0.5324751302
   0.3792571982
   0.2034434482
   0.0156670748
  -0.1727358157
  -0.3504105366
  -0.5066681131
  -0.6321283016
  -0.7192826517
  -0.7629438190
  -0.7605542406
  -0.7123358123
  -0.6212718151
  -0.4929224647
  -0.3350854796
  -0.1573223873
   0.0296206612
   0.2144624847
   0.3860676089
   0.5341170716
   0.6497288875
   0.7259908682
   0.7583738365
   0.7450005344
   0.6867542662
   0.5872209987
   0.4524686905
   0.2906774232
   0.1116428773
  -0.0738167131
  -0.2545142237
  -0.4195684276
  -0.5590592079
  -0.6646237430
  -0.7299578367
  -0.7511923428
  -0.7271222106
  -0.6592745981
  -0.5518122199
  -0.4112780340
  -0.2461969206
  -0.0665585991
   0.1167868549
   0.2927843173
   0.4508401720
   0.5814599275
   0.6768185197
   0.7312290461
   0.7414818557
   0.7070337804
   0.6300363576
   0.5152016151
   0.3695137813
   0.2018045550
   0.0222177605
  -0.1584041643
  -0.3291747417
  -0.4798195750
  -0.6012944736
  -0.6863283983
  -0.7298586320
  -0.7293321372
  -0.6848551628
  -0.5991823432
  -0.4775462176
  -0.3273377129
  -0.1576570968
   0.0212373177
   0.1985493234
   0.3635963346
   0.5064529541
   0.6185478224
   0.6931778582
   0.7259090435
   0.7148397907
   0.6607112544
   0.5668581980
   0.4390036473
   0.2849099687
   0.1139076437
  -0.0636696581
  -0.2371095018
  -0.3959668785
  -0.5306931830
  -0.6332101043
  -0.6973939357
  -0.7194412686
  -0.6980942290
  -0.6347119197
  -0.5331840164
  -0.3996919876
  -0.2423325779
  -0.0706264686
   0.1050580906
   0.2741318147
   0.4264232554
   0.5527915070
   0.6456758888
   0.6995496062
   0.7112502388
   0.6801673715
   0.6082763303
   0.5000162696
   0.3620202440
   0.2027137887
   0.0318064265
  -0.1402930926
  -0.3031024849
  -0.4466948481
  -0.5622929882
  -0.6427935370
  -0.6831895767
  -0.6808667083
  -0.6357552250
  -0.5503298060
  -0.4294574055
  -0.2801031998
  -0.1109130252
   0.0683018393
   0.2471458681
   0.4152509180
   0.5628810708
   0.6814940857
   0.7642257396
   0.8062682907
   0.8051210384
   0.7606990495
   0.6752950700
   0.5533988906
   0.4013873837
   0.2271065258
   0.0393734250
  -0.1525687468
  -0.3396072874
  -0.5132919588
  -0.6663084477
  -0.7928635894
  -0.8889589477
  -0.9525372426
  -0.9834950822
  -0.9835648778
  -0.9560780345
  -0.9056298546
  -0.8376734384
  -0.7580746998
  -0.6726630271
  -0.5868118976
  -0.5050808701
  -0.4309450098
  -0.3666303373
  -0.3130649030
  -0.2699452865
  -0.2359085184
  -0.2087904535
  -0.1859442879
  -0.1645878839
  -0.1421463420
  -0.1165570933
  -0.0865086596
  -0.0515908366
  -0.0123428175
   0.0298041141
   0.0726821966
   0.1136241320
   0.1497561735
   0.1783164686
   0.1969651838
   0.2040537809
   0.1988250573
   0.1815227834
   0.1533992443
   0.1166197317
   0.0740738818
   0.0291135534
  -0.0147553887
  -0.0541953146
  -0.0863398053
  -0.1090464605
  -0.1210743474
  -0.1221692816
  -0.1130502120
  -0.0953006239
  -0.0711788689
  -0.0433695744
  -0.0147038825
   0.0121213402
   0.0347961774
   0.0515972548
   0.0615160488
   0.0643062216
   0.0604495077
   0.0510485272
   0.0376623976
   0.0221063755
   0.0062394706
  -0.0082361341
  -0.0199427920
  -0.0279461517
  -0.0318153850
  -0.0316225087
  -0.0278854686
  -0.0214657384
  -0.0134356734
  -0.0049333057
   0.0029774806
   0.0094253373
   0.0138160005
   0.0158755305
   0.0156503120
   0.0134673337
   0.0098629707
   0.0054918899
   0.0010294241
  -0.0029193300
  -0.0058922620
  -0.0076166531
  -0.0080252015
  -0.0072420984
  -0.0055437286
  -0.0033018145
  -0.0009187484
   0.0012347598
   0.0028707338
