  -0.1604993570
  -0.3950109285
  -0.5960289877
  -0.7703323326
  -0.8858079569
  -0.9617810315
  -0.9638878886
  -0.9259266277
  -0.8127161241
  -0.6723282510
  -0.4686464131
  -0.2618341177
  -0.0134953520
   0.2078491815
   0.4448911505
   0.6253652420
   0.7982070665
   0.8920858985
   0.9632897661
   0.9453975775
   0.9016989118
   0.7733974945
   0.6286598993
   0.4175514258
   0.2092909516
  -0.0372775649
  -0.2569535744
  -0.4830319661
  -0.6599077733
  -0.8140850049
  -0.9047748882
  -0.9522119987
  -0.9344893868
  -0.8650054602
  -0.7430845570
  -0.5734003985
  -0.3769332879
  -0.1465648308
   0.0763928957
   0.3145964981
   0.5089728946
   0.7013887705
   0.8181324187
   0.9230385691
   0.9307200182
   0.9280853756
   0.8203264179
   0.7164090863
   0.5133974695
   0.3390796974
   0.0828299345
  -0.1138962533
  -0.3693965477
  -0.5349962502
  -0.7364104650
  -0.8246748350
  -0.9317213714
  -0.9148877399
  -0.9095960461
  -0.7850904297
  -0.6757359111
  -0.4669514218
  -0.2857621859
  -0.0367011335
   0.1680940198
   0.4030358905
   0.5789118392
   0.7475965767
   0.8504004388
   0.9150444030
   0.9196206431
   0.8654869420
   0.7717440316
   0.6103953179
   0.4433850283
   0.2097533474
   0.0137545779
  -0.2422514482
  -0.4142338370
  -0.6395758743
  -0.7384058594
  -0.8893991771
  -0.8815179410
  -0.9339936816
  -0.8094786884
  -0.7642277352
  -0.5393091954
  -0.4215357386
  -0.1349914057
   0.0120728586
   0.3077767534
   0.4335640892
   0.6842809547
   0.7433352211
   0.9055550774
   0.8687763143
   0.9193498669
   0.7813680182
   0.7223606926
   0.5032921508
   0.3608517711
   0.1020242238
  -0.0804332129
  -0.3257761706
  -0.4984143124
  -0.6772345594
  -0.7960804491
  -0.8676377278
  -0.9053722813
  -0.8504484074
  -0.8031371920
  -0.6282393154
  -0.5164063445
  -0.2519890645
  -0.1157808082
   0.1910579296
   0.3014704030
   0.5980623347
   0.6345696091
   0.8748787644
   0.8031491608
   0.9582101648
   0.7662691951
   0.8303984330
   0.5320506083
   0.5233799105
   0.1556724790
   0.1109075072
  -0.2737585415
  -0.3090814965
  -0.6543297148
  -0.6377488137
  -0.8954177997
  -0.7987637133
  -0.9390544186
  -0.7562989156
  -0.7735202264
  -0.5233736439
  -0.4359799985
  -0.1585999397
  -0.0035716726
   0.2478628974
   0.4249062286
   0.5957910532
   0.7523487529
   0.7987128214
   0.9062026192
   0.8044193558
   0.8554261992
   0.6073285528
   0.6175618211
   0.2498019394
   0.2542822237
  -0.1878650721
  -0.1434957406
  -0.6063808482
  -0.4773729288
  -0.9108216463
  -0.6649329047
  -1.0328888915
  -0.6593508554
  -0.9468060363
  -0.4605161355
  -0.6751223120
  -0.1150591696
  -0.2830892031
   0.2946947745
   0.1370183163
   0.6702040976
   0.4878907202
   0.9199949984
   0.6902582202
   0.9812387809
   0.7015861442
   0.8345301385
   0.5259807273
   0.5083969788
   0.2129880197
   0.0725101345
  -0.1543965040
  -0.3787648669
  -0.4796384258
  -0.7485548803
  -0.6757604960
  -0.9601430583
  -0.6861499461
  -0.9747532142
  -0.4981593458
  -0.8002707216
  -0.1463011511
  -0.4888740720
   0.2956948524
  -0.1241813493
   0.7320578468
   0.1990053324
   1.0673066946
   0.3975326538
   1.2284509869
   0.4198862917
   1.1818265343
   0.2586072696
   0.9406151237
  -0.0477911958
   0.5613136364
  -0.4238399280
   0.1300356602
  -0.7749095085
  -0.2580708046
  -1.0095616357
  -0.5213899865
  -1.0611668320
  -0.6110379195
  -0.9036873221
  -0.5221589571
  -0.5579171510
  -0.2946690405
  -0.0867367931
  -0.0033024200
   0.4194616901
   0.2606483219
   0.8637059350
   0.4115488146
   1.1647697542
   0.3903202765
   1.2756232057
   0.1790667533
   1.1936717210
  -0.1940242234
   0.9604086024
  -0.6606566813
   0.6506192771
  -1.1278539587
   0.3537486468
  -1.4991881422
   0.1518899586
  -1.6968018416
   0.0996399476
  -1.6790426263
   0.2106078736
  -1.4495845301
   0.4537774160
  -1.0559363203
   0.7605793498
  -0.5777506963
   1.0409953742
  -0.1077560951
   1.2048800151
   0.2701355949
   1.1834613673
   0.5003436552
   0.9459496912
   0.5681382895
   0.5073493390
   0.5022236297
  -0.0743453131
   0.3668085022
  -0.7108811121
   0.2450849847
  -1.3033788576
   0.2180687542
  -1.7642279805
   0.3438479226
  -2.0360919031
   0.6421828086
  -2.1035804022
   1.0881260500
  -1.9949007596
   1.6161950343
  -1.7731841035
   2.1341346513
  -1.5196309916
   2.5430483831
  -1.3125517137
   2.7591831196
  -1.2073366791
   2.7322780761
  -1.2221564818
   2.4562157240
  -1.3328191453
   1.9695430918
  -1.4780315477
   1.3458290735
  -1.5738411911
   0.6762188112
  -1.5338584749
   0.0483734711
  -1.2904921318
  -0.4731873561
  -0.8121924607
  -0.8606854293
  -0.1126413948
  -1.1274339303
   0.7502714291
  -1.3219606923
   1.6854434700
  -1.5133670789
   2.5869435607
  -1.7714714386
   3.3554838236
  -2.1465264876
   3.9179789986
  -2.6534031249
   4.2406778796
  -3.2640776174
   4.3329007272
  -3.9102974001
   4.2406595988
  -4.4958989637
   4.0318423013
  -4.9159781506
   3.7766356434
  -5.0785051485
   3.5279789020
  -4.9234112294
   3.3068125669
  -4.4347817812
   3.0957299046
  -3.6434228490
   2.8426267927
  -2.6193368263
   2.4735570668
  -1.4560088114
   1.9118023382
  -0.2503089732
   1.0986764049
   0.9171902140
   0.0111553079
   1.9968312411
  -1.3278464116
   2.9760232271
  -2.8490198964
   3.8755805145
  -4.4462041841
   4.7372665003
  -5.9937806088
   5.6056782358
  -7.3679639254
   6.5089748076
  -8.4671637106
   7.4432478356
  -9.2268587778
   8.3644876709
  -9.6257679715
   9.1903159569
  -9.6821909599
   9.8113572739
  -9.4417345691
  10.1098533488
  -8.9596780643
   9.9814181480
  -8.2824826775
   9.3550916095
  -7.4331223374
   8.2072452727
  -6.4039663558
   6.5663272149
  -5.1591078954
   4.5075641781
  -3.6457418230
   2.1390600646
  -1.8119956289
  -0.4173065478
   0.3729715841
  -3.0456394160
   2.9013892971
  -5.6518317775
   5.7160769089
  -8.1718553464
   8.7091608525
 -10.5708421464
  11.7308745546
 -12.8335428276
  14.6067121597
 -14.9488695595
  17.1593224912
 -16.8927028314
  19.2304980047
 -18.6136105381
  20.6986724212
 -20.0254837644
  21.4884695547
 -21.0094896311
  21.5707709755
 -21.4255572603
  20.9540307180
 -21.1313646339
  19.6696228420
 -20.0050121773
  17.7553741012
 -17.9666721402
  15.2417868796
 -14.9946998260
  12.1447164251
 -11.1329327785
   8.4666113993
  -6.4878897730
   4.2062556836
  -1.2168395614
  -0.6252168140
   4.4902969581
  -5.9859035953
  10.4309906769
 -11.7869005317
  16.4076494979
 -17.8824665343
  22.2390752175
 -24.0694107799
  27.7639629176
 -30.0964612179
  32.8367329094
 -35.6821271525
  37.3180449931
 -40.5376909572
  41.0637847108
 -44.3909183118
  43.9167578318
 -47.0061255231
  45.7046534485
 -48.1973758926
  46.2461949290
 -47.8335029233
  45.3652070659
 -45.8358664458
  42.9101649325
 -42.1716346088
  38.7752493732
 -36.8464118256
  32.9184626823
 -29.8998839101
  25.3731173687
 -21.4068417064
  16.2508065216
 -11.4838430212
   5.7362748016
  -0.2995204435
  -5.9232786848
  11.9151289775
 -18.4307100860
  24.8606399330
 -31.4495920320
  38.1704370442
 -44.6107753504
  51.4208920261
 -57.5148485009
  64.1488078552
 -69.7327604063
  75.8729717027
 -80.8082839359
  86.1155369300
 -90.2659543790
  94.4196717096
 -97.6265639873
 100.3618982538
-102.4297795798
 103.5600506974
-104.2609426661
 103.6797673402
-102.7776118945
 100.4430563812
 -97.7315243236
  93.6414470440
 -88.9833223871
  83.1539797346
 -76.5098939733
  68.9677563712
 -60.4064303472
  51.1970401421
 -40.8863754503
  30.0966756981
 -18.2819258189
   6.0669343178
   6.9540366319
 -20.3508587642
  34.2458722335
 -48.4863744834
  62.8958479356
 -77.5572334244
  92.0907404515
-106.6881910981
 120.9165803474
-134.9310883364
 148.3819174808
-161.2857191502
 173.4481403720
-184.7230104540
 195.0642205795
-204.2122320888
 212.2031163325
-218.7532693584
 223.8978295608
-227.4136349118
 229.2762844164
-229.3684585859
 227.5951841301
-223.9407433298
 218.2733472156
-210.6390383313
 200.9245854068
-189.1903185157
 175.3891939315
