  -0.0783784565
  -0.2332054349
  -0.3822901216
  -0.5219615567
  -0.6487805660
  -0.7596244446
  -0.8517638484
  -0.9229299993
  -0.9713705506
  -0.9958927351
  -0.9958927354
  -0.9713705513
  -0.9229300004
  -0.8517638499
  -0.7596244465
  -0.6487805682
  -0.5219615592
  -0.3822901242
  -0.2332054377
  -0.0783784593
   0.0783784569
   0.2332054353
   0.3822901220
   0.5219615571
   0.6487805664
   0.7596244449
   0.8517638486
   0.9229299994
   0.9713705507
   0.9958927352
   0.9958927353
   0.9713705512
   0.9229300002
   0.8517638496
   0.7596244462
   0.6487805679
   0.5219615588
   0.3822901239
   0.2332054373
   0.0783784589
