  -0.1250036285
  -0.3671564509
  -0.5862394833
  -0.7684869328
  -0.9024475221
  -0.9797040145
  -0.9954021006
  -0.9485554119
  -0.8421074981
  -0.6827468731
  -0.4804867511
  -0.2480358794
  -0.0000000012
   0.2480358771
   0.4804867490
   0.6827468713
   0.8421074968
   0.9485554112
   0.9954021005
   0.9797040150
   0.9024475231
   0.7684869344
   0.5862394852
   0.3671564532
   0.1250036309
  -0.1250036293
  -0.3671564517
  -0.5862394839
  -0.7684869333
  -0.9024475224
  -0.9797040147
  -0.9954021006
  -0.9485554117
  -0.8421074977
  -0.6827468725
  -0.4804867504
  -0.2480358786
  -0.0000000004
   0.2480358779
   0.4804867497
   0.6827468719
   0.8421074972
   0.9485554114
   0.9954021005
   0.9797040148
   0.9024475228
   0.7684869338
   0.5862394846
   0.3671564524
   0.1250036301
  -0.1250036301
  -0.3671564524
  -0.5862394846
  -0.7684869338
  -0.9024475228
  -0.9797040148
  -0.9954021005
  -0.9485554114
  -0.8421074972
  -0.6827468719
  -0.4804867497
  -0.2480358779
   0.0000000004
   0.2480358786
   0.4804867504
   0.6827468725
   0.8421074977
   0.9485554117
   0.9954021006
   0.9797040147
   0.9024475224
   0.7684869333
   0.5862394839
   0.3671564517
   0.1250036293
  -0.1250036309
  -0.3671564532
  -0.5862394852
  -0.7684869344
  -0.9024475231
  -0.9797040150
  -0.9954021005
  -0.9485554112
  -0.8421074968
  -0.6827468713
  -0.4804867490
  -0.2480358771
   0.0000000012
   0.2480358794
   0.4804867511
   0.6827468731
   0.8421074981
   0.9485554119
   0.9954021006
   0.9797040145
   0.9024475221
   0.7684869328
   0.5862394833
   0.3671564509
   0.1250036285
  -0.1250036317
  -0.3671564540
  -0.5862394859
  -0.7684869349
  -0.9024475235
  -0.9797040151
  -0.9954021004
  -0.9485554109
  -0.8421074964
  -0.6827468707
  -0.4804867483
  -0.2480358763
   0.0000000020
   0.2480358802
   0.4804867518
   0.6827468737
   0.8421074985
   0.9485554122
   0.9954021007
   0.9797040144
   0.9024475217
   0.7684869323
   0.5862394826
   0.3671564502
   0.1250036276
  -0.1250036325
  -0.3671564547
  -0.5862394866
  -0.7684869354
  -0.9024475238
  -0.9797040153
  -0.9954021004
  -0.9485554106
  -0.8421074959
  -0.6827468701
  -0.4804867475
  -0.2480358755
   0.0000000029
   0.2480358810
   0.4804867526
   0.6827468743
   0.8421074990
   0.9485554124
   0.9954021007
   0.9797040142
   0.9024475214
   0.7684869318
   0.5862394819
   0.3671564494
   0.1250036268
  -0.1250036333
  -0.3671564555
  -0.5862394872
  -0.7684869359
  -0.9024475242
  -0.9797040154
  -0.9954021003
  -0.9485554104
  -0.8421074955
  -0.6827468695
  -0.4804867468
  -0.2480358747
   0.0000000037
   0.2480358818
   0.4804867533
   0.6827468749
   0.8421074994
   0.9485554127
   0.9954021008
   0.9797040141
   0.9024475210
   0.7684869312
   0.5862394813
   0.3671564486
   0.1250036260
  -0.1250036341
  -0.3671564562
  -0.5862394879
  -0.7684869365
  -0.9024475245
  -0.9797040156
  -0.9954021003
  -0.9485554101
  -0.8421074950
  -0.6827468689
  -0.4804867461
  -0.2480358739
   0.0000000045
   0.2480358826
   0.4804867540
   0.6827468755
   0.8421074999
   0.9485554129
   0.9954021008
   0.9797040139
   0.9024475207
   0.7684869307
   0.5862394806
   0.3671564479
   0.1250036252
  -0.1250036350
  -0.3671564570
  -0.5862394885
  -0.7684869370
  -0.9024475248
  -0.9797040157
  -0.9954021002
  -0.9485554099
  -0.8421074946
  -0.6827468684
  -0.4804867454
  -0.2480358731
   0.0000000053
   0.2480358834
   0.4804867547
   0.6827468761
   0.8421075003
   0.9485554132
   0.9954021009
   0.9797040138
   0.9024475203
   0.7684869302
   0.5862394799
   0.3671564471
   0.1250036244
  -0.1250036358
  -0.3671564578
  -0.5862394892
  -0.7684869375
  -0.9024475252
  -0.9797040159
  -0.9954021002
  -0.9485554096
  -0.8421074942
  -0.6827468678
  -0.4804867447
  -0.2480358723
   0.0000000061
   0.2480358842
   0.4804867554
   0.6827468767
   0.8421075007
   0.9485554134
   0.9954021009
   0.9797040136
   0.9024475200
   0.7684869297
   0.5862394793
   0.3671564464
   0.1250036236
  -0.1250036366
  -0.3671564585
  -0.5862394899
  -0.7684869380
  -0.9024475255
  -0.9797040161
  -0.9954021001
  -0.9485554094
  -0.8421074937
  -0.6827468672
  -0.4804867440
  -0.2480358715
   0.0000000070
   0.2480358850
   0.4804867561
   0.6827468773
   0.8421075012
   0.9485554137
   0.9954021010
   0.9797040134
   0.9024475196
   0.7684869292
   0.5862394786
   0.3671564456
   0.1250036228
  -0.1250036374
  -0.3671564593
  -0.5862394905
  -0.7684869385
  -0.9024475259
  -0.9797040162
  -0.9954021001
  -0.9485554091
  -0.8421074933
  -0.6827468666
  -0.4804867432
  -0.2480358707
   0.0000000078
   0.2480358858
   0.4804867569
   0.6827468779
   0.8421075016
   0.9485554139
   0.9954021010
   0.9797040133
   0.9024475193
   0.7684869286
   0.5862394780
   0.3671564448
   0.1250036220
  -0.1250036382
  -0.3671564600
  -0.5862394912
  -0.7684869391
  -0.9024475262
  -0.9797040164
  -0.9954021000
  -0.9485554089
  -0.8421074928
  -0.6827468660
  -0.4804867425
  -0.2480358699
   0.0000000086
   0.2480358866
   0.4804867576
   0.6827468785
   0.8421075021
   0.9485554142
   0.9954021011
   0.9797040131
   0.9024475189
   0.7684869281
   0.5862394773
   0.3671564441
   0.1250036212
  -0.1250036390
  -0.3671564608
  -0.5862394919
  -0.7684869396
  -0.9024475266
  -0.9797040165
  -0.9954021000
  -0.9485554086
  -0.8421074924
  -0.6827468654
  -0.4804867418
  -0.2480358691
   0.0000000094
   0.2480358874
   0.4804867583
   0.6827468791
   0.8421075025
   0.9485554144
   0.9954021011
   0.9797040130
   0.9024475186
   0.7684869276
   0.5862394766
   0.3671564433
   0.1250036203
  -0.1250036398
  -0.3671564616
  -0.5862394925
  -0.7684869401
  -0.9024475269
  -0.9797040167
  -0.9954020999
  -0.9485554084
  -0.8421074920
  -0.6827468648
  -0.4804867411
  -0.2480358683
   0.0000000102
   0.2480358882
   0.4804867590
   0.6827468797
   0.8421075029
   0.9485554147
   0.9954021012
   0.9797040128
   0.9024475182
   0.7684869271
   0.5862394760
   0.3671564425
   0.1250036195
  -0.1250036406
  -0.3671564623
  -0.5862394932
  -0.7684869406
  -0.9024475273
  -0.9797040168
  -0.9954020999
  -0.9485554081
  -0.8421074915
  -0.6827468642
  -0.4804867404
  -0.2480358675
   0.0000000110
   0.2480358889
   0.4804867597
   0.6827468803
   0.8421075034
   0.9485554149
   0.9954021012
   0.9797040127
   0.9024475179
   0.7684869265
   0.5862394753
   0.3671564418
   0.1250036187
  -0.1250036414
  -0.3671564631
  -0.5862394938
  -0.7684869412
  -0.9024475276
  -0.9797040170
  -0.9954020998
  -0.9485554079
  -0.8421074911
  -0.6827468636
  -0.4804867397
  -0.2480358668
   0.0000000119
   0.2480358897
   0.4804867604
   0.6827468809
   0.8421075038
   0.9485554152
   0.9954021013
   0.9797040125
   0.9024475175
   0.7684869260
   0.5862394746
   0.3671564410
   0.1250036179
  -0.1250036423
  -0.3671564639
  -0.5862394945
  -0.7684869417
  -0.9024475280
  -0.9797040171
  -0.9954020998
  -0.9485554076
  -0.8421074907
  -0.6827468630
  -0.4804867389
  -0.2480358660
   0.0000000127
   0.2480358905
   0.4804867612
   0.6827468815
   0.8421075042
   0.9485554155
   0.9954021014
   0.9797040124
   0.9024475172
   0.7684869255
   0.5862394740
   0.3671564403
   0.1250036171
  -0.1250036431
  -0.3671564646
  -0.5862394952
  -0.7684869422
  -0.9024475283
  -0.9797040173
  -0.9954020997
  -0.9485554074
  -0.8421074902
  -0.6827468624
  -0.4804867382
  -0.2480358652
   0.0000000135
   0.2480358913
   0.4804867619
   0.6827468821
   0.8421075047
   0.9485554157
   0.9954021014
   0.9797040122
   0.9024475168
   0.7684869250
   0.5862394733
   0.3671564395
   0.1250036163
  -0.1250036439
  -0.3671564654
  -0.5862394958
  -0.7684869427
  -0.9024475287
  -0.9797040174
  -0.9954020997
  -0.9485554071
  -0.8421074898
  -0.6827468618
  -0.4804867375
  -0.2480358644
   0.0000000143
   0.2480358921
   0.4804867626
   0.6827468827
   0.8421075051
   0.9485554160
   0.9954021015
   0.9797040121
   0.9024475165
   0.7684869245
   0.5862394727
   0.3671564387
   0.1250036155
