  -0.0196324293
  -0.0588670193
  -0.0980108407
  -0.1370035365
  -0.1757849827
  -0.2142953813
  -0.2524753519
  -0.2902660238
  -0.3276091265
  -0.3644470797
  -0.4007230819
  -0.4363811982
  -0.4713664463
  -0.5056248815
  -0.5391036798
  -0.5717512193
  -0.6035171598
  -0.6343525207
  -0.6642097559
  -0.6930428278
  -0.7208072779
  -0.7474602954
  -0.7729607834
  -0.7972694218
  -0.8203487286
  -0.8421631171
  -0.8626789511
  -0.8818645967
  -0.8996904710
  -0.9161290878
  -0.9311550999
  -0.9447453384
  -0.9568788481
  -0.9675369199
  -0.9767031199
  -0.9843633145
  -0.9905056922
  -0.9951207819
  -0.9982014675
  -0.9997429988
  -0.9997429989
  -0.9982014677
  -0.9951207822
  -0.9905056926
  -0.9843633150
  -0.9767031205
  -0.9675369206
  -0.9568788489
  -0.9447453394
  -0.9311551010
  -0.9161290889
  -0.8996904722
  -0.8818645980
  -0.8626789525
  -0.8421631186
  -0.8203487302
  -0.7972694235
  -0.7729607852
  -0.7474602974
  -0.7208072799
  -0.6930428299
  -0.6642097580
  -0.6343525229
  -0.6035171621
  -0.5717512216
  -0.5391036822
  -0.5056248840
  -0.4713664488
  -0.4363812008
  -0.4007230846
  -0.3644470824
  -0.3276091292
  -0.2902660265
  -0.2524753546
  -0.2142953841
  -0.1757849856
  -0.1370035393
  -0.0980108436
  -0.0588670222
  -0.0196324322
   0.0196324297
   0.0588670197
   0.0980108411
   0.1370035369
   0.1757849831
   0.2142953817
   0.2524753523
   0.2902660242
   0.3276091269
   0.3644470801
   0.4007230823
   0.4363811986
   0.4713664467
   0.5056248819
   0.5391036801
   0.5717512196
   0.6035171602
   0.6343525210
   0.6642097562
   0.6930428281
   0.7208072782
   0.7474602957
   0.7729607836
   0.7972694221
   0.8203487288
   0.8421631173
   0.8626789513
   0.8818645969
   0.8996904712
   0.9161290879
   0.9311551001
   0.9447453386
   0.9568788482
   0.9675369200
   0.9767031200
   0.9843633146
   0.9905056923
   0.9951207820
   0.9982014676
   0.9997429988
   0.9997429989
   0.9982014677
   0.9951207822
   0.9905056925
   0.9843633149
   0.9767031204
   0.9675369205
   0.9568788488
   0.9447453392
   0.9311551008
   0.9161290888
   0.8996904720
   0.8818645978
   0.8626789523
   0.8421631184
   0.8203487300
   0.7972694233
   0.7729607849
   0.7474602971
   0.7208072796
   0.6930428296
   0.6642097577
   0.6343525226
   0.6035171618
   0.5717512213
   0.5391036819
   0.5056248836
   0.4713664485
   0.4363812004
   0.4007230842
   0.3644470820
   0.3276091288
   0.2902660261
   0.2524753542
   0.2142953837
   0.1757849852
   0.1370035389
   0.0980108432
   0.0588670218
   0.0196324317
