  -0.0062831010
  -0.0188483141
  -0.0314105508
  -0.0439678274
  -0.0565181610
  -0.0690595697
  -0.0815900731
  -0.0941076925
  -0.1066104512
  -0.1190963749
  -0.1315634918
  -0.1440098334
  -0.1564334341
  -0.1688323322
  -0.1812045698
  -0.1935481930
  -0.2058612527
  -0.2181418045
  -0.2303879092
  -0.2425976330
  -0.2547690478
  -0.2669002316
  -0.2789892688
  -0.2910342504
  -0.3030332742
  -0.3149844456
  -0.3268858773
  -0.3387356899
  -0.3505320123
  -0.3622729815
  -0.3739567437
  -0.3855814538
  -0.3971452761
  -0.4086463845
  -0.4200829629
  -0.4314532054
  -0.4427553164
  -0.4539875112
  -0.4651480161
  -0.4762350688
  -0.4872469184
  -0.4981818261
  -0.5090380650
  -0.5198139210
  -0.5305076924
  -0.5411176904
  -0.5516422396
  -0.5620796782
  -0.5724283579
  -0.5826866445
  -0.5928529181
  -0.6029255733
  -0.6129030197
  -0.6227836815
  -0.6325659986
  -0.6422484261
  -0.6518294352
  -0.6613075129
  -0.6706811625
  -0.6799489037
  -0.6891092731
  -0.6981608242
  -0.7071021275
  -0.7159317713
  -0.7246483611
  -0.7332505206
  -0.7417368913
  -0.7501061331
  -0.7583569245
  -0.7664879625
  -0.7744979632
  -0.7823856617
  -0.7901498124
  -0.7977891894
  -0.8053025861
  -0.8126888162
  -0.8199467134
  -0.8270751315
  -0.8340729448
  -0.8409390483
  -0.8476723578
  -0.8542718100
  -0.8607363628
  -0.8670649953
  -0.8732567083
  -0.8793105238
  -0.8852254861
  -0.8910006609
  -0.8966351365
  -0.9021280229
  -0.9074784529
  -0.9126855815
  -0.9177485865
  -0.9226666684
  -0.9274390504
  -0.9320649792
  -0.9365437240
  -0.9408745777
  -0.9450568564
  -0.9490898997
  -0.9529730707
  -0.9567057562
  -0.9602873668
  -0.9637173369
  -0.9669951248
  -0.9701202130
  -0.9730921079
  -0.9759103404
  -0.9785744652
  -0.9810840619
  -0.9834387339
  -0.9856381096
  -0.9876818417
  -0.9895696073
  -0.9913011083
  -0.9928760715
  -0.9942942480
  -0.9955554139
  -0.9966593701
  -0.9976059422
  -0.9983949808
  -0.9990263613
  -0.9994999838
  -0.9998157738
  -0.9999736813
  -0.9999736813
  -0.9998157739
  -0.9994999839
  -0.9990263614
  -0.9983949810
  -0.9976059424
  -0.9966593704
  -0.9955554142
  -0.9942942483
  -0.9928760718
  -0.9913011087
  -0.9895696077
  -0.9876818421
  -0.9856381101
  -0.9834387345
  -0.9810840624
  -0.9785744658
  -0.9759103410
  -0.9730921086
  -0.9701202137
  -0.9669951255
  -0.9637173376
  -0.9602873676
  -0.9567057571
  -0.9529730716
  -0.9490899006
  -0.9450568574
  -0.9408745787
  -0.9365437250
  -0.9320649802
  -0.9274390515
  -0.9226666695
  -0.9177485877
  -0.9126855827
  -0.9074784541
  -0.9021280242
  -0.8966351377
  -0.8910006622
  -0.8852254874
  -0.8793105252
  -0.8732567097
  -0.8670649968
  -0.8607363643
  -0.8542718115
  -0.8476723593
  -0.8409390499
  -0.8340729464
  -0.8270751331
  -0.8199467150
  -0.8126888179
  -0.8053025878
  -0.7977891911
  -0.7901498142
  -0.7823856635
  -0.7744979650
  -0.7664879644
  -0.7583569264
  -0.7501061350
  -0.7417368932
  -0.7332505225
  -0.7246483631
  -0.7159317733
  -0.7071021296
  -0.6981608262
  -0.6891092752
  -0.6799489058
  -0.6706811646
  -0.6613075151
  -0.6518294374
  -0.6422484283
  -0.6325660008
  -0.6227836837
  -0.6129030219
  -0.6029255756
  -0.5928529204
  -0.5826866468
  -0.5724283602
  -0.5620796806
  -0.5516422420
  -0.5411176928
  -0.5305076948
  -0.5198139235
  -0.5090380675
  -0.4981818285
  -0.4872469209
  -0.4762350713
  -0.4651480187
  -0.4539875138
  -0.4427553190
  -0.4314532080
  -0.4200829655
  -0.4086463871
  -0.3971452787
  -0.3855814564
  -0.3739567464
  -0.3622729842
  -0.3505320150
  -0.3387356926
  -0.3268858800
  -0.3149844483
  -0.3030332770
  -0.2910342531
  -0.2789892716
  -0.2669002344
  -0.2547690506
  -0.2425976358
  -0.2303879120
  -0.2181418073
  -0.2058612555
  -0.1935481958
  -0.1812045726
  -0.1688323351
  -0.1564334370
  -0.1440098362
  -0.1315634947
  -0.1190963777
  -0.1066104540
  -0.0941076953
  -0.0815900760
  -0.0690595726
  -0.0565181638
  -0.0439678303
  -0.0314105536
  -0.0188483169
  -0.0062831039
   0.0062831014
   0.0188483145
   0.0314105512
   0.0439678278
   0.0565181614
   0.0690595701
   0.0815900735
   0.0941076929
   0.1066104516
   0.1190963753
   0.1315634922
   0.1440098338
   0.1564334345
   0.1688323326
   0.1812045702
   0.1935481934
   0.2058612531
   0.2181418049
   0.2303879096
   0.2425976334
   0.2547690482
   0.2669002320
   0.2789892692
   0.2910342508
   0.3030332746
   0.3149844460
   0.3268858777
   0.3387356903
   0.3505320127
   0.3622729819
   0.3739567441
   0.3855814542
   0.3971452764
   0.4086463849
   0.4200829633
   0.4314532058
   0.4427553168
   0.4539875116
   0.4651480165
   0.4762350691
   0.4872469187
   0.4981818264
   0.5090380654
   0.5198139214
   0.5305076927
   0.5411176907
   0.5516422400
   0.5620796785
   0.5724283582
   0.5826866448
   0.5928529184
   0.6029255737
   0.6129030200
   0.6227836818
   0.6325659989
   0.6422484265
   0.6518294356
   0.6613075132
   0.6706811628
   0.6799489040
   0.6891092734
   0.6981608244
   0.7071021278
   0.7159317716
   0.7246483614
   0.7332505208
   0.7417368915
   0.7501061334
   0.7583569247
   0.7664879628
   0.7744979635
   0.7823856620
   0.7901498127
   0.7977891896
   0.8053025864
   0.8126888165
   0.8199467136
   0.8270751317
   0.8340729450
   0.8409390485
   0.8476723580
   0.8542718102
   0.8607363630
   0.8670649955
   0.8732567085
   0.8793105240
   0.8852254862
   0.8910006611
   0.8966351367
   0.9021280231
   0.9074784531
   0.9126855817
   0.9177485867
   0.9226666685
   0.9274390506
   0.9320649793
   0.9365437241
   0.9408745779
   0.9450568566
   0.9490898999
   0.9529730709
   0.9567057563
   0.9602873669
   0.9637173370
   0.9669951249
   0.9701202131
   0.9730921080
   0.9759103404
   0.9785744653
   0.9810840619
   0.9834387340
   0.9856381097
   0.9876818417
   0.9895696073
   0.9913011084
   0.9928760716
   0.9942942481
   0.9955554140
   0.9966593702
   0.9976059423
   0.9983949808
   0.9990263613
   0.9994999839
   0.9998157738
   0.9999736813
   0.9999736813
   0.9998157738
   0.9994999839
   0.9990263614
   0.9983949810
   0.9976059424
   0.9966593703
   0.9955554142
   0.9942942483
   0.9928760718
   0.9913011087
   0.9895696076
   0.9876818420
   0.9856381100
   0.9834387344
   0.9810840623
   0.9785744657
   0.9759103409
   0.9730921085
   0.9701202136
   0.9669951254
   0.9637173375
   0.9602873675
   0.9567057569
   0.9529730715
   0.9490899005
   0.9450568572
   0.9408745786
   0.9365437249
   0.9320649800
   0.9274390514
   0.9226666693
   0.9177485875
   0.9126855825
   0.9074784540
   0.9021280240
   0.8966351376
   0.8910006620
   0.8852254872
   0.8793105250
   0.8732567095
   0.8670649966
   0.8607363640
   0.8542718113
   0.8476723591
   0.8409390496
   0.8340729461
   0.8270751328
   0.8199467148
   0.8126888177
   0.8053025876
   0.7977891908
   0.7901498139
   0.7823856632
   0.7744979648
   0.7664879641
   0.7583569261
   0.7501061347
   0.7417368929
   0.7332505222
   0.7246483628
   0.7159317730
   0.7071021293
   0.6981608259
   0.6891092749
   0.6799489055
   0.6706811643
   0.6613075148
   0.6518294371
   0.6422484280
   0.6325660005
   0.6227836834
   0.6129030216
   0.6029255753
   0.5928529201
   0.5826866465
   0.5724283599
   0.5620796802
   0.5516422417
   0.5411176925
   0.5305076944
   0.5198139231
   0.5090380672
   0.4981818282
   0.4872469205
   0.4762350709
   0.4651480183
   0.4539875134
   0.4427553186
   0.4314532076
   0.4200829652
   0.4086463867
   0.3971452783
   0.3855814560
   0.3739567460
   0.3622729838
   0.3505320146
   0.3387356923
   0.3268858796
   0.3149844479
   0.3030332766
   0.2910342527
   0.2789892712
   0.2669002340
   0.2547690502
   0.2425976354
   0.2303879116
   0.2181418069
   0.2058612551
   0.1935481954
   0.1812045722
   0.1688323347
   0.1564334366
   0.1440098358
   0.1315634943
   0.1190963773
   0.1066104536
   0.0941076949
   0.0815900756
   0.0690595721
   0.0565181634
   0.0439678298
   0.0314105532
   0.0188483165
   0.0062831034
