  -0.0392497243
  -0.1175071886
  -0.1950401820
  -0.2713706878
  -0.3460281031
  -0.4185521401
  -0.4884956639
  -0.5554274495
  -0.6189348402
  -0.6786262918
  -0.7341337867
  -0.7851151026
  -0.8312559228
  -0.8722717739
  -0.9079097794
  -0.9379502192
  -0.9622078840
  -0.9805332172
  -0.9928132371
  -0.9989722332
  -0.9989722333
  -0.9928132374
  -0.9805332178
  -0.9622078847
  -0.9379502202
  -0.9079097806
  -0.8722717753
  -0.8312559244
  -0.7851151044
  -0.7341337886
  -0.6786262939
  -0.6189348425
  -0.5554274519
  -0.4884956664
  -0.4185521427
  -0.3460281058
  -0.2713706906
  -0.1950401848
  -0.1175071915
  -0.0392497272
   0.0392497247
   0.1175071890
   0.1950401824
   0.2713706882
   0.3460281035
   0.4185521404
   0.4884956643
   0.5554274499
   0.6189348406
   0.6786262921
   0.7341337870
   0.7851151029
   0.8312559231
   0.8722717741
   0.9079097795
   0.9379502193
   0.9622078841
   0.9805332173
   0.9928132371
   0.9989722332
   0.9989722333
   0.9928132374
   0.9805332177
   0.9622078846
   0.9379502200
   0.9079097804
   0.8722717751
   0.8312559242
   0.7851151041
   0.7341337884
   0.6786262936
   0.6189348422
   0.5554274516
   0.4884956661
   0.4185521423
   0.3460281054
   0.2713706902
   0.1950401844
   0.1175071910
   0.0392497268
