  -0.0098171600
  -0.0294476986
  -0.0490668845
  -0.0686671542
  -0.0882409514
  -0.1077807300
  -0.1272789572
  -0.1467281158
  -0.1661207080
  -0.1854492575
  -0.2047063127
  -0.2238844498
  -0.2429762752
  -0.2619744286
  -0.2808715858
  -0.2996604617
  -0.3183338128
  -0.3368844402
  -0.3553051922
  -0.3735889672
  -0.3917287167
  -0.4097174472
  -0.4275482239
  -0.4452141726
  -0.4627084827
  -0.4800244099
  -0.4971552786
  -0.5140944844
  -0.5308354971
  -0.5473718625
  -0.5636972057
  -0.5798052329
  -0.5956897341
  -0.6113445856
  -0.6267637521
  -0.6419412892
  -0.6568713458
  -0.6715481660
  -0.6859660915
  -0.7001195641
  -0.7140031272
  -0.7276114286
  -0.7409392219
  -0.7539813690
  -0.7667328420
  -0.7791887248
  -0.7913442156
  -0.8031946281
  -0.8147353937
  -0.8259620634
  -0.8368703090
  -0.8474559251
  -0.8577148309
  -0.8676430713
  -0.8772368187
  -0.8864923746
  -0.8954061709
  -0.9039747710
  -0.9121948717
  -0.9200633039
  -0.9275770341
  -0.9347331658
  -0.9415289400
  -0.9479617369
  -0.9540290765
  -0.9597286197
  -0.9650581692
  -0.9700156705
  -0.9745992123
  -0.9788070275
  -0.9826374940
  -0.9860891350
  -0.9891606199
  -0.9918507645
  -0.9941585318
  -0.9960830321
  -0.9976235233
  -0.9987794118
  -0.9995502517
  -0.9999357460
  -0.9999357460
  -0.9995502518
  -0.9987794119
  -0.9976235235
  -0.9960830323
  -0.9941585321
  -0.9918507649
  -0.9891606203
  -0.9860891355
  -0.9826374945
  -0.9788070281
  -0.9745992129
  -0.9700156712
  -0.9650581700
  -0.9597286205
  -0.9540290773
  -0.9479617378
  -0.9415289409
  -0.9347331668
  -0.9275770352
  -0.9200633050
  -0.9121948729
  -0.9039747723
  -0.8954061722
  -0.8864923760
  -0.8772368201
  -0.8676430727
  -0.8577148324
  -0.8474559267
  -0.8368703106
  -0.8259620650
  -0.8147353954
  -0.8031946298
  -0.7913442173
  -0.7791887266
  -0.7667328438
  -0.7539813709
  -0.7409392238
  -0.7276114306
  -0.7140031292
  -0.7001195661
  -0.6859660936
  -0.6715481681
  -0.6568713480
  -0.6419412914
  -0.6267637543
  -0.6113445878
  -0.5956897364
  -0.5798052352
  -0.5636972081
  -0.5473718649
  -0.5308354995
  -0.5140944869
  -0.4971552811
  -0.4800244124
  -0.4627084852
  -0.4452141751
  -0.4275482265
  -0.4097174498
  -0.3917287193
  -0.3735889699
  -0.3553051949
  -0.3368844429
  -0.3183338155
  -0.2996604645
  -0.2808715886
  -0.2619744313
  -0.2429762780
  -0.2238844526
  -0.2047063155
  -0.1854492603
  -0.1661207108
  -0.1467281187
  -0.1272789600
  -0.1077807329
  -0.0882409543
  -0.0686671571
  -0.0490668874
  -0.0294477014
  -0.0098171629
   0.0098171604
   0.0294476990
   0.0490668849
   0.0686671546
   0.0882409518
   0.1077807304
   0.1272789576
   0.1467281162
   0.1661207084
   0.1854492579
   0.2047063131
   0.2238844502
   0.2429762756
   0.2619744290
   0.2808715862
   0.2996604621
   0.3183338132
   0.3368844406
   0.3553051926
   0.3735889676
   0.3917287170
   0.4097174476
   0.4275482242
   0.4452141729
   0.4627084831
   0.4800244103
   0.4971552789
   0.5140944848
   0.5308354974
   0.5473718629
   0.5636972060
   0.5798052332
   0.5956897344
   0.6113445859
   0.6267637524
   0.6419412896
   0.6568713461
   0.6715481663
   0.6859660918
   0.7001195644
   0.7140031275
   0.7276114289
   0.7409392222
   0.7539813693
   0.7667328422
   0.7791887251
   0.7913442158
   0.8031946283
   0.8147353940
   0.8259620637
   0.8368703092
   0.8474559254
   0.8577148311
   0.8676430715
   0.8772368189
   0.8864923748
   0.8954061711
   0.9039747712
   0.9121948719
   0.9200633040
   0.9275770343
   0.9347331659
   0.9415289401
   0.9479617370
   0.9540290766
   0.9597286198
   0.9650581693
   0.9700156706
   0.9745992124
   0.9788070276
   0.9826374941
   0.9860891351
   0.9891606199
   0.9918507646
   0.9941585319
   0.9960830321
   0.9976235234
   0.9987794118
   0.9995502517
   0.9999357460
   0.9999357460
   0.9995502518
   0.9987794119
   0.9976235235
   0.9960830323
   0.9941585321
   0.9918507648
   0.9891606202
   0.9860891354
   0.9826374944
   0.9788070280
   0.9745992128
   0.9700156711
   0.9650581699
   0.9597286204
   0.9540290772
   0.9479617376
   0.9415289408
   0.9347331666
   0.9275770350
   0.9200633048
   0.9121948727
   0.9039747721
   0.8954061720
   0.8864923758
   0.8772368199
   0.8676430725
   0.8577148322
   0.8474559265
   0.8368703104
   0.8259620648
   0.8147353952
   0.8031946295
   0.7913442171
   0.7791887263
   0.7667328435
   0.7539813706
   0.7409392235
   0.7276114303
   0.7140031290
   0.7001195658
   0.6859660933
   0.6715481678
   0.6568713477
   0.6419412911
   0.6267637540
   0.6113445875
   0.5956897361
   0.5798052349
   0.5636972077
   0.5473718646
   0.5308354992
   0.5140944865
   0.4971552807
   0.4800244121
   0.4627084849
   0.4452141748
   0.4275482261
   0.4097174494
   0.3917287189
   0.3735889695
   0.3553051945
   0.3368844425
   0.3183338152
   0.2996604641
   0.2808715882
   0.2619744309
   0.2429762776
   0.2238844522
   0.2047063151
   0.1854492599
   0.1661207104
   0.1467281182
   0.1272789596
   0.1077807325
   0.0882409538
   0.0686671566
   0.0490668869
   0.0294477010
   0.0098171625
