  -0.0049086975
  -0.0147256225
  -0.0245411283
  -0.0343542688
  -0.0441640981
  -0.0539696708
  -0.0637700418
  -0.0735642665
  -0.0833514010
  -0.0931305018
  -0.1029006266
  -0.1126608335
  -0.1224101820
  -0.1321477323
  -0.1418725460
  -0.1515836857
  -0.1612802154
  -0.1709612006
  -0.1806257082
  -0.1902728067
  -0.1999015664
  -0.2095110591
  -0.2191003587
  -0.2286685409
  -0.2382146836
  -0.2477378667
  -0.2572371723
  -0.2667116848
  -0.2761604911
  -0.2855826805
  -0.2949773448
  -0.3043435786
  -0.3136804792
  -0.3229871465
  -0.3322626837
  -0.3415061967
  -0.3507167946
  -0.3598935897
  -0.3690356976
  -0.3781422369
  -0.3872123302
  -0.3962451031
  -0.4052396851
  -0.4141952093
  -0.4231108124
  -0.4319856353
  -0.4408188225
  -0.4496095226
  -0.4583568885
  -0.4670600769
  -0.4757182492
  -0.4843305707
  -0.4928962114
  -0.5014143458
  -0.5098841528
  -0.5183048161
  -0.5266755241
  -0.5349954700
  -0.5432638520
  -0.5514798730
  -0.5596427413
  -0.5677516701
  -0.5758058777
  -0.5838045880
  -0.5917470300
  -0.5996324382
  -0.6074600525
  -0.6152291186
  -0.6229388876
  -0.6305886165
  -0.6381775680
  -0.6457050105
  -0.6531702187
  -0.6605724729
  -0.6679110598
  -0.6751852721
  -0.6823944086
  -0.6895377745
  -0.6966146813
  -0.7036244469
  -0.7105663957
  -0.7174398587
  -0.7242441734
  -0.7309786838
  -0.7376427410
  -0.7442357027
  -0.7507569334
  -0.7572058046
  -0.7635816947
  -0.7698839892
  -0.7761120807
  -0.7822653689
  -0.7883432607
  -0.7943451704
  -0.8002705194
  -0.8061187367
  -0.8118892586
  -0.8175815289
  -0.8231949990
  -0.8287291279
  -0.8341833821
  -0.8395572359
  -0.8448501716
  -0.8500616787
  -0.8551912552
  -0.8602384066
  -0.8652026464
  -0.8700834961
  -0.8748804854
  -0.8795931520
  -0.8842210414
  -0.8887637079
  -0.8932207134
  -0.8975916284
  -0.9018760317
  -0.9060735104
  -0.9101836597
  -0.9142060837
  -0.9181403946
  -0.9219862132
  -0.9257431688
  -0.9294108994
  -0.9329890515
  -0.9364772801
  -0.9398752490
  -0.9431826309
  -0.9463991068
  -0.9495243669
  -0.9525581098
  -0.9555000431
  -0.9583498834
  -0.9611073559
  -0.9637721949
  -0.9663441436
  -0.9688229539
  -0.9712083871
  -0.9735002132
  -0.9756982113
  -0.9778021697
  -0.9798118854
  -0.9817271647
  -0.9835478232
  -0.9852736853
  -0.9869045847
  -0.9884403641
  -0.9898808756
  -0.9912259804
  -0.9924755487
  -0.9936294601
  -0.9946876035
  -0.9956498768
  -0.9965161873
  -0.9972864515
  -0.9979605952
  -0.9985385533
  -0.9990202702
  -0.9994056995
  -0.9996948039
  -0.9998875557
  -0.9999839363
  -0.9999839363
  -0.9998875558
  -0.9996948040
  -0.9994056996
  -0.9990202703
  -0.9985385535
  -0.9979605953
  -0.9972864517
  -0.9965161875
  -0.9956498771
  -0.9946876038
  -0.9936294604
  -0.9924755490
  -0.9912259807
  -0.9898808760
  -0.9884403646
  -0.9869045851
  -0.9852736858
  -0.9835478237
  -0.9817271653
  -0.9798118859
  -0.9778021703
  -0.9756982120
  -0.9735002139
  -0.9712083878
  -0.9688229546
  -0.9663441443
  -0.9637721957
  -0.9611073567
  -0.9583498842
  -0.9555000440
  -0.9525581106
  -0.9495243678
  -0.9463991078
  -0.9431826319
  -0.9398752500
  -0.9364772811
  -0.9329890525
  -0.9294109005
  -0.9257431699
  -0.9219862143
  -0.9181403957
  -0.9142060848
  -0.9101836609
  -0.9060735116
  -0.9018760330
  -0.8975916297
  -0.8932207147
  -0.8887637092
  -0.8842210428
  -0.8795931533
  -0.8748804868
  -0.8700834976
  -0.8652026478
  -0.8602384080
  -0.8551912567
  -0.8500616803
  -0.8448501731
  -0.8395572375
  -0.8341833836
  -0.8287291295
  -0.8231950006
  -0.8175815306
  -0.8118892603
  -0.8061187384
  -0.8002705211
  -0.7943451721
  -0.7883432625
  -0.7822653707
  -0.7761120825
  -0.7698839910
  -0.7635816966
  -0.7572058065
  -0.7507569353
  -0.7442357046
  -0.7376427430
  -0.7309786858
  -0.7242441753
  -0.7174398607
  -0.7105663978
  -0.7036244489
  -0.6966146833
  -0.6895377765
  -0.6823944107
  -0.6751852742
  -0.6679110620
  -0.6605724751
  -0.6531702208
  -0.6457050127
  -0.6381775702
  -0.6305886188
  -0.6229388899
  -0.6152291209
  -0.6074600548
  -0.5996324405
  -0.5917470323
  -0.5838045903
  -0.5758058801
  -0.5677516724
  -0.5596427437
  -0.5514798754
  -0.5432638544
  -0.5349954725
  -0.5266755265
  -0.5183048185
  -0.5098841553
  -0.5014143483
  -0.4928962139
  -0.4843305732
  -0.4757182517
  -0.4670600795
  -0.4583568910
  -0.4496095252
  -0.4408188251
  -0.4319856379
  -0.4231108150
  -0.4141952119
  -0.4052396878
  -0.3962451058
  -0.3872123328
  -0.3781422396
  -0.3690357002
  -0.3598935924
  -0.3507167973
  -0.3415061994
  -0.3322626864
  -0.3229871492
  -0.3136804819
  -0.3043435814
  -0.2949773476
  -0.2855826833
  -0.2761604939
  -0.2667116876
  -0.2572371751
  -0.2477378695
  -0.2382146864
  -0.2286685437
  -0.2191003615
  -0.2095110619
  -0.1999015692
  -0.1902728096
  -0.1806257110
  -0.1709612034
  -0.1612802182
  -0.1515836885
  -0.1418725488
  -0.1321477352
  -0.1224101848
  -0.1126608364
  -0.1029006294
  -0.0931305047
  -0.0833514038
  -0.0735642694
  -0.0637700447
  -0.0539696737
  -0.0441641010
  -0.0343542717
  -0.0245411312
  -0.0147256254
  -0.0049087003
   0.0049086979
   0.0147256229
   0.0245411287
   0.0343542692
   0.0441640985
   0.0539696712
   0.0637700422
   0.0735642670
   0.0833514014
   0.0931305022
   0.1029006270
   0.1126608339
   0.1224101824
   0.1321477327
   0.1418725464
   0.1515836861
   0.1612802158
   0.1709612010
   0.1806257086
   0.1902728071
   0.1999015668
   0.2095110595
   0.2191003591
   0.2286685413
   0.2382146840
   0.2477378671
   0.2572371727
   0.2667116852
   0.2761604915
   0.2855826809
   0.2949773452
   0.3043435790
   0.3136804795
   0.3229871469
   0.3322626841
   0.3415061971
   0.3507167950
   0.3598935901
   0.3690356979
   0.3781422373
   0.3872123306
   0.3962451035
   0.4052396855
   0.4141952097
   0.4231108128
   0.4319856357
   0.4408188228
   0.4496095230
   0.4583568888
   0.4670600773
   0.4757182495
   0.4843305710
   0.4928962118
   0.5014143461
   0.5098841531
   0.5183048164
   0.5266755245
   0.5349954704
   0.5432638523
   0.5514798734
   0.5596427417
   0.5677516704
   0.5758058781
   0.5838045883
   0.5917470303
   0.5996324385
   0.6074600529
   0.6152291189
   0.6229388880
   0.6305886168
   0.6381775683
   0.6457050108
   0.6531702190
   0.6605724732
   0.6679110601
   0.6751852724
   0.6823944089
   0.6895377748
   0.6966146816
   0.7036244472
   0.7105663960
   0.7174398590
   0.7242441736
   0.7309786841
   0.7376427413
   0.7442357030
   0.7507569337
   0.7572058049
   0.7635816950
   0.7698839895
   0.7761120810
   0.7822653692
   0.7883432610
   0.7943451706
   0.8002705197
   0.8061187370
   0.8118892588
   0.8175815291
   0.8231949992
   0.8287291281
   0.8341833823
   0.8395572362
   0.8448501718
   0.8500616790
   0.8551912554
   0.8602384068
   0.8652026466
   0.8700834963
   0.8748804856
   0.8795931521
   0.8842210416
   0.8887637080
   0.8932207136
   0.8975916286
   0.9018760319
   0.9060735105
   0.9101836599
   0.9142060838
   0.9181403947
   0.9219862133
   0.9257431690
   0.9294108996
   0.9329890516
   0.9364772802
   0.9398752492
   0.9431826310
   0.9463991070
   0.9495243670
   0.9525581099
   0.9555000433
   0.9583498835
   0.9611073560
   0.9637721950
   0.9663441437
   0.9688229540
   0.9712083872
   0.9735002133
   0.9756982114
   0.9778021697
   0.9798118854
   0.9817271648
   0.9835478233
   0.9852736854
   0.9869045847
   0.9884403642
   0.9898808757
   0.9912259804
   0.9924755487
   0.9936294602
   0.9946876035
   0.9956498768
   0.9965161873
   0.9972864515
   0.9979605952
   0.9985385533
   0.9990202702
   0.9994056995
   0.9996948039
   0.9998875557
   0.9999839363
   0.9999839363
   0.9998875558
   0.9996948040
   0.9994056996
   0.9990202703
   0.9985385534
   0.9979605953
   0.9972864517
   0.9965161875
   0.9956498770
   0.9946876037
   0.9936294604
   0.9924755490
   0.9912259807
   0.9898808760
   0.9884403645
   0.9869045851
   0.9852736857
   0.9835478237
   0.9817271652
   0.9798118858
   0.9778021702
   0.9756982119
   0.9735002138
   0.9712083877
   0.9688229545
   0.9663441442
   0.9637721956
   0.9611073566
   0.9583498841
   0.9555000439
   0.9525581105
   0.9495243676
   0.9463991076
   0.9431826317
   0.9398752499
   0.9364772809
   0.9329890523
   0.9294109003
   0.9257431697
   0.9219862141
   0.9181403955
   0.9142060847
   0.9101836607
   0.9060735114
   0.9018760328
   0.8975916295
   0.8932207145
   0.8887637090
   0.8842210426
   0.8795931531
   0.8748804866
   0.8700834974
   0.8652026476
   0.8602384078
   0.8551912565
   0.8500616800
   0.8448501729
   0.8395572373
   0.8341833834
   0.8287291292
   0.8231950004
   0.8175815303
   0.8118892600
   0.8061187382
   0.8002705209
   0.7943451719
   0.7883432622
   0.7822653704
   0.7761120823
   0.7698839908
   0.7635816963
   0.7572058062
   0.7507569350
   0.7442357044
   0.7376427427
   0.7309786855
   0.7242441751
   0.7174398604
   0.7105663975
   0.7036244487
   0.6966146830
   0.6895377762
   0.6823944104
   0.6751852739
   0.6679110617
   0.6605724748
   0.6531702205
   0.6457050124
   0.6381775699
   0.6305886184
   0.6229388896
   0.6152291206
   0.6074600545
   0.5996324401
   0.5917470320
   0.5838045900
   0.5758058797
   0.5677516721
   0.5596427434
   0.5514798751
   0.5432638541
   0.5349954721
   0.5266755262
   0.5183048182
   0.5098841549
   0.5014143479
   0.4928962135
   0.4843305728
   0.4757182513
   0.4670600791
   0.4583568907
   0.4496095248
   0.4408188247
   0.4319856375
   0.4231108147
   0.4141952115
   0.4052396874
   0.3962451054
   0.3872123325
   0.3781422392
   0.3690356998
   0.3598935920
   0.3507167969
   0.3415061990
   0.3322626860
   0.3229871488
   0.3136804815
   0.3043435810
   0.2949773472
   0.2855826829
   0.2761604935
   0.2667116872
   0.2572371747
   0.2477378691
   0.2382146860
   0.2286685433
   0.2191003611
   0.2095110615
   0.1999015688
   0.1902728091
   0.1806257106
   0.1709612030
   0.1612802178
   0.1515836881
   0.1418725484
   0.1321477348
   0.1224101844
   0.1126608360
   0.1029006290
   0.0931305043
   0.0833514034
   0.0735642690
   0.0637700443
   0.0539696733
   0.0441641006
   0.0343542713
   0.0245411308
   0.0147256250
   0.0049086999
