  -0.0049083662
  -0.0147248520
  -0.0245397028
  -0.0343522294
  -0.0441613392
  -0.0539662598
  -0.0637659105
  -0.0735594707
  -0.0833458936
  -0.0931243234
  -0.1028937454
  -0.1126532780
  -0.1224019313
  -0.1321388061
  -0.1418629312
  -0.1515733961
  -0.1612692435
  -0.1709495561
  -0.1806133872
  -0.1902598164
  -0.1998879053
  -0.2094967330
  -0.2190853679
  -0.2286528903
  -0.2381983745
  -0.2477209035
  -0.2572195573
  -0.2666934221
  -0.2761415836
  -0.2855631323
  -0.2949571593
  -0.3043227600
  -0.3136590311
  -0.3229650734
  -0.3322399896
  -0.3414828862
  -0.3506928720
  -0.3598690597
  -0.3690105648
  -0.3781165064
  -0.3871860067
  -0.3962181919
  -0.4052121913
  -0.4141671381
  -0.4230821695
  -0.4319564260
  -0.4407890526
  -0.4495791979
  -0.4583260148
  -0.4670286603
  -0.4756862956
  -0.4842980865
  -0.4928632030
  -0.5013808195
  -0.5098501152
  -0.5182702738
  -0.5266404839
  -0.5349599388
  -0.5432278367
  -0.5514433808
  -0.5596057792
  -0.5677142454
  -0.5757679978
  -0.5837662604
  -0.5917082622
  -0.5995932379
  -0.6074204274
  -0.6151890766
  -0.6228984367
  -0.6305477646
  -0.6381363232
  -0.6456633811
  -0.6531282130
  -0.6605300993
  -0.6678683267
  -0.6751421880
  -0.6823509822
  -0.6894940146
  -0.6965705966
  -0.7035800463
  -0.7105216882
  -0.7173948533
  -0.7241988791
  -0.7309331100
  -0.7375968968
  -0.7441895974
  -0.7507105764
  -0.7571592054
  -0.7635348628
  -0.7698369343
  -0.7760648123
  -0.7822178968
  -0.7882955947
  -0.7942973202
  -0.8002224951
  -0.8060705481
  -0.8118409157
  -0.8175330419
  -0.8231463779
  -0.8286803829
  -0.8341345234
  -0.8395082738
  -0.8448011163
  -0.8500125408
  -0.8551420449
  -0.8601891343
  -0.8651533227
  -0.8700341315
  -0.8748310905
  -0.8795437372
  -0.8841716175
  -0.8887142854
  -0.8931713032
  -0.8975422411
  -0.9018266781
  -0.9060242011
  -0.9101344057
  -0.9141568956
  -0.9180912834
  -0.9219371897
  -0.9256942439
  -0.9293620840
  -0.9329403564
  -0.9364287163
  -0.9398268275
  -0.9431343626
  -0.9463510026
  -0.9494764377
  -0.9525103666
  -0.9554524969
  -0.9583025451
  -0.9610602365
  -0.9637253054
  -0.9662974948
  -0.9687765569
  -0.9711622528
  -0.9734543525
  -0.9756526352
  -0.9777568889
  -0.9797669110
  -0.9816825076
  -0.9835034941
  -0.9852296951
  -0.9868609442
  -0.9883970842
  -0.9898379670
  -0.9911834538
  -0.9924334149
  -0.9935877298
  -0.9946462873
  -0.9956089854
  -0.9964757313
  -0.9972464414
  -0.9979210415
  -0.9984994665
  -0.9989816608
  -0.9993675778
  -0.9996571804
  -0.9998504406
  -0.9999473399
  -0.9999478688
  -0.9998520273
  -0.9996598248
  -0.9993712796
  -0.9989864196
  -0.9985052819
  -0.9979279129
  -0.9972543681
  -0.9964847126
  -0.9956190205
  -0.9946573753
  -0.9935998695
  -0.9924466051
  -0.9911976934
  -0.9898532545
  -0.9884134182
  -0.9868783232
  -0.9852481173
  -0.9835229578
  -0.9817030109
  -0.9797884520
  -0.9777794656
  -0.9756762454
  -0.9734789939
  -0.9711879231
  -0.9688032536
  -0.9663252153
  -0.9637540471
  -0.9610899968
  -0.9583333210
  -0.9554842855
  -0.9525431648
  -0.9495102424
  -0.9463858106
  -0.9431701705
  -0.9398636320
  -0.9364665138
  -0.9329791433
  -0.9294018566
  -0.9257349984
  -0.9219789222
  -0.9181339899
  -0.9142005721
  -0.9101790478
  -0.9060698047
  -0.9018732389
  -0.8975897546
  -0.8932197648
  -0.8887636906
  -0.8842219615
  -0.8795950151
  -0.8748832975
  -0.8700872627
  -0.8652073728
  -0.8602440983
  -0.8551979175
  -0.8500693166
  -0.8448587900
  -0.8395668399
  -0.8341939761
  -0.8287407167
  -0.8232075870
  -0.8175951204
  -0.8119038578
  -0.8061343476
  -0.8002871460
  -0.7943628164
  -0.7883619297
  -0.7822850645
  -0.7761328062
  -0.7699057478
  -0.7636044895
  -0.7572296386
  -0.7507818094
  -0.7442616233
  -0.7376697087
  -0.7310067010
  -0.7242732422
  -0.7174699813
  -0.7105975740
  -0.7036566827
  -0.6966479761
  -0.6895721299
  -0.6824298259
  -0.6752217525
  -0.6679486044
  -0.6606110825
  -0.6532098940
  -0.6457457522
  -0.6382193764
  -0.6306314919
  -0.6229828302
  -0.6152741283
  -0.6075061291
  -0.5996795813
  -0.5917952392
  -0.5838538626
  -0.5758562169
  -0.5678030729
  -0.5596952067
  -0.5515333997
  -0.5433184384
  -0.5350511147
  -0.5267322252
  -0.5183625718
  -0.5099429610
  -0.5014742043
  -0.4929571178
  -0.4843925224
  -0.4757812436
  -0.4671241112
  -0.4584219596
  -0.4496756274
  -0.4408859575
  -0.4320537972
  -0.4231799976
  -0.4142654138
  -0.4053109051
  -0.3963173344
  -0.3872855686
  -0.3782164780
  -0.3691109366
  -0.3599698221
  -0.3507940154
  -0.3415844008
  -0.3323418660
  -0.3230673016
  -0.3137616015
  -0.3044256625
  -0.2950603845
  -0.2856666699
  -0.2762454241
  -0.2667975551
  -0.2573239735
  -0.2478255921
  -0.2383033266
  -0.2287580945
  -0.2191908158
  -0.2096024125
  -0.1999938088
  -0.1903659306
  -0.1807197059
  -0.1710560642
  -0.1613759371
  -0.1516802573
  -0.1419699593
  -0.1322459789
  -0.1225092533
  -0.1127607209
  -0.1030013212
  -0.0932319947
  -0.0834536830
  -0.0736673285
  -0.0638738743
  -0.0540742642
  -0.0442694428
  -0.0344603550
  -0.0246479460
  -0.0148331616
  -0.0050169478
   0.0047997496
   0.0146159843
   0.0244308103
   0.0342432818
   0.0440524530
   0.0538573786
   0.0636571137
   0.0734507137
   0.0832372348
   0.0930157339
   0.1027852684
   0.1125448970
   0.1222936790
   0.1320306748
   0.1417549461
   0.1514655556
   0.1611615676
   0.1708420475
   0.1805060623
   0.1901526808
   0.1997809732
   0.2093900116
   0.2189788699
   0.2285466240
   0.2380923518
   0.2476151333
   0.2571140507
   0.2665881887
   0.2760366340
   0.2854584762
   0.2948528071
   0.3042187215
   0.3135553166
   0.3228616926
   0.3321369527
   0.3413802029
   0.3505905525
   0.3597671136
   0.3689090021
   0.3780153367
   0.3870852400
   0.3961178377
   0.4051122593
   0.4140676381
   0.4229831108
   0.4318578184
   0.4406909055
   0.4494815207
   0.4582288170
   0.4669319513
   0.4755900847
   0.4842023830
   0.4927680160
   0.5012861582
   0.5097559888
   0.5181766914
   0.5265474544
   0.5348674713
   0.5431359400
   0.5513520637
   0.5595150506
   0.5676241141
   0.5756784724
   0.5836773495
   0.5916199745
   0.5995055817
   0.6073334114
   0.6151027090
   0.6228127259
   0.6304627188
   0.6380519507
   0.6455796900
   0.6530452113
   0.6604477950
   0.6677867278
   0.6750613024
   0.6822708176
   0.6894145787
   0.6964918971
   0.7035020909
   0.7104444843
   0.7173184083
   0.7241232004
   0.7308582049
   0.7375227726
   0.7441162612
   0.7506380352
   0.7570874662
   0.7634639326
   0.7697668198
   0.7759955204
   0.7821494341
   0.7882279678
   0.7942305357
   0.8001565593
   0.8060054674
   0.8117766965
   0.8174696902
   0.8230838999
   0.8286187846
   0.8340738108
   0.8394484527
   0.8447421925
   0.8499545199
   0.8550849325
   0.8601329360
   0.8650980438
   0.8699797774
   0.8747776664
   0.8794912483
   0.8841200688
   0.8886636820
   0.8931216497
   0.8974935426
   0.9017789391
   0.9059774262
   0.9100885995
   0.9141120625
   0.9180474277
   0.9218943156
   0.9256523556
   0.9293211855
   0.9329004516
   0.9363898091
   0.9397889216
   0.9430974616
   0.9463151102
   0.9494415573
   0.9524765016
   0.9554196505
   0.9582707205
   0.9610294368
   0.9636955335
   0.9662687536
   0.9687488492
   0.9711355812
   0.9734287196
   0.9756280434
   0.9777333407
   0.9797444086
   0.9816610532
   0.9834830898
   0.9852103428
   0.9868426458
   0.9883798414
   0.9898217815
   0.9911683272
   0.9924193486
   0.9935747252
   0.9946343456
   0.9955981078
   0.9964659188
   0.9972376950
   0.9979133620
   0.9984928547
   0.9989761173
   0.9993631032
   0.9996537750
   0.9998481048
   0.9999460739
   0.9999476728
   0.9998529013
   0.9996617686
   0.9993742931
   0.9989905025
   0.9985104338
   0.9979341333
   0.9972616564
   0.9964930681
   0.9956284424
   0.9946678627
   0.9936114214
   0.9924592204
   0.9912113708
   0.9898679928
   0.9884292159
   0.9868951787
   0.9852660291
   0.9835419242
   0.9817230300
   0.9798095219
   0.9778015842
   0.9756994106
   0.9735032035
   0.9712131747
   0.9688295449
   0.9663525437
   0.9637824100
   0.9611193913
   0.9583637444
   0.9555157349
   0.9525756371
   0.9495437345
   0.9464203193
   0.9432056924
   0.9399001637
   0.9365040518
   0.9330176840
   0.9294413963
   0.9257755332
   0.9220204483
   0.9181765032
   0.9142440685
   0.9102235233
   0.9061152549
   0.9019196593
   0.8976371408
   0.8932681123
   0.8888129947
   0.8842722174
   0.8796462180
   0.8749354424
   0.8701403446
   0.8652613867
   0.8602990390
   0.8552537795
   0.8501260947
   0.8449164787
   0.8396254335
   0.8342534691
   0.8288011033
   0.8232688614
   0.8176572767
   0.8119668900
   0.8061982497
   0.8003519117
   0.7944284395
   0.7884284040
   0.7823523834
   0.7762009634
   0.7699747367
   0.7636743034
   0.7573002707
   0.7508532529
   0.7443338714
   0.7377427544
   0.7310805373
   0.7243478620
   0.7175453774
   0.7106737391
   0.7037336094
   0.6967256571
   0.6896505576
   0.6825089928
   0.6753016510
   0.6680292267
   0.6606924209
   0.6532919407
   0.6458284992
   0.6383028158
   0.6307156157
   0.6230676302
   0.6153595963
   0.6075922569
   0.5997663607
   0.5918826617
   0.5839419199
   0.5759449004
   0.5678923741
   0.5597851170
   0.5516239104
   0.5434095408
   0.5351428000
   0.5268244846
   0.5184553964
   0.5100363418
   0.5015681323
   0.4930515841
   0.4844875178
   0.4758767589
   0.4672201372
   0.4585184871
   0.4497726471
   0.4409834601
   0.4321517731
   0.4232784375
   0.4143643082
   0.4054102445
   0.3964171092
   0.3873857691
   0.3783170946
   0.3692119597
   0.3600712419
   0.3508958221
   0.3416865846
   0.3324444170
   0.3231702100
   0.3138648573
   0.3045292559
   0.2951643053
   0.2857709083
   0.2763499699
   0.2669023983
   0.2574291039
   0.2479309998
   0.2384090012
   0.2288640259
   0.2192969938
   0.2097088269
   0.2001004492
   0.1904727869
   0.1808267677
   0.1711633212
   0.1614833789
   0.1517878737
   0.1420777398
   0.1323539132
   0.1226173310
   0.1128689315
   0.1031096543
   0.0933404399
   0.0835622298
   0.0737759664
   0.0639825929
   0.0541830531
   0.0443782914
   0.0345692527
   0.0247568825
   0.0149421264
   0.0051259303
