  -0.0622987768
  -0.1860823884
  -0.3058922690
  -0.4218624876
  -0.5299477226
  -0.6312058638
  -0.7209402304
  -0.8012931594
  -0.8670795393
  -0.9216028441
  -0.9593048506
  -0.9846836041
  -0.9918969521
  -0.9866362993
  -0.9628403828
  -0.9273581896
  -0.8739488821
  -0.8105488278
  -0.7307520670
  -0.6434794749
  -0.5421512368
  -0.4365407078
  -0.3198658430
  -0.2025964052
  -0.0777050608
   0.0438157208
   0.1692902587
   0.2873873620
   0.4057819389
   0.5129905030
   0.6170870873
   0.7066168965
   0.7900897992
   0.8562477834
   0.9140553449
   0.9525998605
   0.9812962987
   0.9897011960
   0.9876492731
   0.9652613642
   0.9327326949
   0.8808128591
   0.8199696614
   0.7416150568
   0.6563745122
   0.5563267420
   0.4521164222
   0.3364675903
   0.2198871689
   0.0957020956
  -0.0258876181
  -0.1510095450
  -0.2699447069
  -0.3883408275
  -0.4971313280
  -0.6015508803
  -0.6933461635
  -0.7773998227
  -0.8464148249
  -0.9049707036
  -0.9468454632
  -0.9763469961
  -0.9884176125
  -0.9871036038
  -0.9685677358
  -0.9365809297
  -0.8885475744
  -0.8279250325
  -0.7533455183
  -0.6678914301
  -0.5713759341
  -0.4664247883
  -0.3539557964
  -0.2360406448
  -0.1146011736
   0.0089523872
   0.1318126995
   0.2533415983
   0.3699755710
   0.4819551117
   0.5850931290
   0.6806040642
   0.7638057032
   0.8369635290
   0.8950176635
   0.9413374852
   0.9705860261
   0.9872603529
   0.9858255339
   0.9718977730
   0.9397988850
   0.8962217870
   0.8353741323
   0.7649495896
   0.6790457415
   0.5862497080
   0.4805304745
   0.3712339113
   0.2521632436
   0.1332664485
   0.0081305021
  -0.1128664416
  -0.2364111834
  -0.3518751434
  -0.4662766141
  -0.5689163298
  -0.6671950099
  -0.7505146953
  -0.8266960637
  -0.8853995216
  -0.9348839846
  -0.9652041385
  -0.9850514838
  -0.9849848739
  -0.9740956087
  -0.9435273044
  -0.9027096449
  -0.8434208331
  -0.7753392176
  -0.6908970180
  -0.5999053729
  -0.4954417410
  -0.3873118870
  -0.2692053573
  -0.1507674507
  -0.0262474995
   0.0950351354
   0.2183365236
   0.3348317475
   0.4493534552
   0.5537350002
   0.6524556932
   0.7381586960
   0.8150321655
   0.8766612582
   0.9269911630
   0.9606557836
   0.9813865373
   0.9849426498
   0.9748484090
   0.9480316388
   0.9077916814
   0.8522336203
   0.7843894601
   0.7035161528
   0.6123130808
   0.5111320219
   0.4022549440
   0.2870438381
   0.1672638370
   0.0451804724
  -0.0780659351
  -0.1994284522
  -0.3185012188
  -0.4315862369
  -0.5391161545
  -0.6368729479
  -0.7262190233
  -0.8025408067
  -0.8682022420
  -0.9183055309
  -0.9562627381
  -0.9769845042
  -0.9849479925
  -0.9749421783
  -0.9524938820
  -0.9123150867
  -0.8609333844
  -0.7930025467
  -0.7159694474
  -0.6244236788
  -0.5266199701
  -0.4170558861
  -0.3046569963
  -0.1837835036
  -0.0638749927
   0.0609028871
   0.1807663054
   0.3018067212
   0.4140712219
   0.5239693589
   0.6215519087
   0.7135990082
   0.7903279423
   0.8589269783
   0.9099258888
   0.9509381012
   0.9729292045
   0.9839299893
   0.9754381440
   0.9558664345
   0.9173111567
   0.8685030489
   0.8021728289
   0.7272773931
   0.6371879306
   0.5409704711
   0.4326156527
   0.3211606622
   0.2011717658
   0.0815040516
  -0.0427616421
  -0.1631141084
  -0.2840297382
  -0.3975040816
  -0.5076463088
  -0.6071150301
  -0.6997244440
  -0.7789385068
  -0.8483387432
  -0.9023159542
  -0.9442655141
  -0.9696000855
  -0.9815550199
  -0.9766291049
  -0.9579002764
  -0.9229843592
  -0.8747795386
  -0.8120154674
  -0.7373636797
  -0.6506314219
  -0.5541942663
  -0.4488706852
  -0.3366523736
  -0.2192770316
  -0.0982511765
   0.0238800603
   0.1462037122
   0.2654920122
   0.3815339815
   0.4905496640
   0.5931313011
   0.6850754049
   0.7678643937
   0.8369910334
   0.8948941731
   0.9368674607
   0.9663463488
   0.9785097259
   0.9777997565
   0.9593410272
   0.9285601289
   0.8805619657
   0.8217023536
   0.7470751598
   0.6638786449
   0.5671799675
   0.4649045963
   0.3520563241
   0.2371488702
   0.1150697995
  -0.0052355282
  -0.1290589271
  -0.2471906161
  -0.3651685662
  -0.4736888018
  -0.5785988775
  -0.6706661534
  -0.7561010053
  -0.8258956096
  -0.8866599591
  -0.9297459155
  -0.9621781827
  -0.9757791775
  -0.9779777889
  -0.9611499619
  -0.9330903106
  -0.8867811973
  -0.8303160216
  -0.7573060054
  -0.6760491939
  -0.5807791272
  -0.4798801962
  -0.3681759156
  -0.2539991952
  -0.1327100573
  -0.0124385354
   0.1109875620
   0.2297991150
   0.3477778254
   0.4576726813
   0.5629537126
   0.6570367742
   0.7431535848
   0.8155199457
   0.8771907130
   0.9232925788
   0.9567475527
   0.9736767461
   0.9768916775
   0.9635602003
   0.9363813699
   0.8935888290
   0.8377419385
   0.7681256722
   0.6871080723
   0.5949790995
   0.4938420762
   0.3849170805
   0.2699517443
   0.1509977626
   0.0293440708
  -0.0922420299
  -0.2130388210
  -0.3296899463
  -0.4421478404
  -0.5465967980
  -0.6437615275
  -0.7294924842
  -0.8053690439
  -0.8670222740
  -0.9169467306
  -0.9506515290
  -0.9715800309
  -0.9751951282
  -0.9658921876
  -0.9391387566
  -0.9002531376
  -0.8447321490
  -0.7787556761
  -0.6978485507
  -0.6089604265
  -0.5076191749
  -0.4014255037
  -0.2858654078
  -0.1690501307
  -0.0463640697
   0.0737269874
   0.1960086006
   0.3118247154
   0.4262010506
   0.5304562329
   0.6299212014
   0.7160472901
   0.7945238618
   0.8570789499
   0.9097956684
   0.9448024968
   0.9685888273
   0.9737821424
   0.9672643334
   0.9422318621
   0.9059171835
   0.8521254908
   0.7883696472
   0.7090732910
   0.6219330643
   0.5219727100
   0.4169530135
   0.3024550685
   0.1861661485
   0.0641625871
  -0.0560913147
  -0.1780993118
  -0.2947742695
  -0.4092817524
  -0.5150632143
  -0.6150270689
  -0.7032845256
  -0.7825603354
  -0.8477593610
  -0.9014824019
  -0.9395284872
  -0.9644152119
  -0.9729080470
  -0.9674593534
  -0.9458417885
  -0.9104354737
  -0.8600279270
  -0.7968946111
  -0.7208128118
  -0.6338968534
  -0.5368580546
  -0.4315721230
  -0.3196018420
  -0.2024904116
  -0.0825479336
   0.0391193808
   0.1595734602
   0.2782534563
   0.3917207786
   0.5000650557
   0.5994753420
   0.6907864353
   0.7699366901
   0.8385836256
   0.8925234313
   0.9342909068
   0.9596298897
   0.9719794120
   0.9670978011
   0.9493245845
   0.9144738046
   0.8677497134
   0.8050367878
   0.7323366841
   0.6455934384
   0.5515095381
   0.4460547494
   0.3365105464
   0.2188198304
   0.1007013785
  -0.0219946670
  -0.1412671904
  -0.2614316191
  -0.3743654444
  -0.4846225007
  -0.5841182175
  -0.6777107487
  -0.7575037351
  -0.8287120743
  -0.8837619896
  -0.9282583088
  -0.9550624702
  -0.9701786160
  -0.9669898078
  -0.9518820095
  -0.9188172164
  -0.8745174651
  -0.8135507971
  -0.7429017350
  -0.6577420045
  -0.5652193973
  -0.4610799730
  -0.3525138211
  -0.2357890723
  -0.1180007056
   0.0041308517
   0.1237531340
   0.2437743314
   0.3577347047
   0.4682561807
   0.5694172783
   0.6636359325
   0.7456624259
   0.8177834006
   0.8755356296
   0.9211316241
   0.9509848403
   0.9672704576
   0.9673398704
   0.9533439809
   0.9236016481
   0.8802270896
   0.8225034173
   0.7524703500
   0.6703401319
   0.5780165933
   0.4765766944
   0.3677069035
   0.2532594154
   0.1346067219
   0.0142672919
  -0.1068060365
  -0.2255503647
  -0.3415404058
  -0.4512963655
  -0.5550234527
  -0.6489508482
  -0.7340051913
  -0.8062417875
  -0.8673811358
  -0.9134067628
  -0.9468814267
  -0.9637986992
  -0.9675837633
  -0.9542979964
  -0.9282183276
  -0.8855054962
  -0.8312458076
  -0.7617043518
  -0.6827037284
  -0.5905932192
  -0.4918306835
  -0.3828073924
  -0.2704918550
  -0.1512576673
  -0.0324415431
   0.0896719643
   0.2075314581
   0.3250179337
   0.4345225374
   0.5401665102
   0.6344369283
   0.7217612836
   0.7948648666
   0.8585323609
   0.9058519062
   0.9419957993
   0.9605165756
   0.9669798672
   0.9554770512
   0.9319454885
   0.8910603927
   0.8390810168
   0.7712813944
   0.6941655026
   0.6035924176
   0.5062089986
   0.3984197926
   0.2868922901
   0.1685156275
   0.0498408899
  -0.0718346773
  -0.1902215757
  -0.3076999629
  -0.4183879884
  -0.5244307514
  -0.6204935471
  -0.7085689861
  -0.7839952689
  -0.8486835769
  -0.8987505709
  -0.9360798786
  -0.9576466028
  -0.9653390669
  -0.9570412812
  -0.9346539556
  -0.8969886761
  -0.8459404417
  -0.7812348035
  -0.7047177105
  -0.6169841338
  -0.5197646898
  -0.4144513710
  -0.3025741398
  -0.1862263855
  -0.0666383264
   0.0535082176
   0.1733893224
   0.2898582680
   0.4026044847
   0.5081431945
   0.6067775914
   0.6948077139
   0.7732373610
   0.8382634329
   0.8916573625
   0.9296081076
   0.9546967794
   0.9631779230
   0.9584556135
   0.9368985280
   0.9027161012
   0.8524130733
   0.7909553963
   0.7149793480
   0.6301287845
   0.5331424559
   0.4302369427
   0.3182034099
   0.2037041679
   0.0835166913
  -0.0353937698
  -0.1563395626
  -0.2722041601
  -0.3864691803
  -0.4920199406
  -0.5925831282
  -0.6811930294
  -0.7618867719
  -0.8279816858
  -0.8838741319
  -0.9232792883
  -0.9509798313
  -0.9611792976
  -0.9590482760
  -0.9393413535
  -0.9075909720
  -0.8591358168
  -0.7998160473
  -0.7255578270
  -0.6424281946
  -0.5469162658
  -0.4452115115
  -0.3343169938
  -0.2204211941
  -0.1009724986
   0.0179780966
   0.1386191335
   0.2551798598
   0.3695749026
   0.4764554654
   0.5775512851
   0.6680688217
   0.7496349143
   0.8181291967
   0.8751442440
   0.9173292435
   0.9462924299
   0.9595224229
   0.9586702916
   0.9421039978
   0.9115194023
   0.8661719829
   0.8077783923
   0.7364581043
   0.6538996422
   0.5610331070
   0.4594478011
   0.3508047639
   0.2365051109
   0.1188398070
  -0.0010794871
  -0.1204480680
  -0.2385507962
  -0.3521936669
  -0.4611638983
  -0.5620035996
  -0.6550998442
  -0.7368500762
  -0.8083236334
  -0.8658796920
  -0.9113312131
  -0.9410869941
  -0.9577391301
  -0.9578110280
  -0.9446802505
  -0.9150240662
  -0.8729810162
  -0.8153946347
  -0.7471092789
  -0.6651209735
  -0.5748960016
  -0.4735453242
  -0.3670481633
  -0.2525730504
  -0.1364831630
  -0.0159327056
   0.1024739005
   0.2216769596
   0.3349801912
   0.4455000554
   0.5465970498
   0.6416399546
   0.7241866000
   0.7979221286
   0.8567273674
   0.9046498434
   0.9359982792
   0.9552058073
   0.9570885931
   0.9464624413
   0.9187021273
   0.8789753362
   0.8232369432
   0.7569479285
   0.6766355831
   0.5879696431
   0.4880152148
   0.3825438122
   0.2691007017
   0.1534347389
   0.0334958516
  -0.0851255071
  -0.2041618623
  -0.3183212680
  -0.4291105864
  -0.5316735203
  -0.6273808930
  -0.7119389836
  -0.7866631713
  -0.8479322833
  -0.8970717425
  -0.9312201245
  -0.9517582712
  -0.9566443959
  -0.9473364088
  -0.9226417554
  -0.8840913415
  -0.8313398948
  -0.7659612757
  -0.6884245574
  -0.6002920619
  -0.5027856158
  -0.3973802470
  -0.2859642422
  -0.1698329800
  -0.0514355469
   0.0682154356
   0.1862287270
   0.3019816566
   0.4122654257
   0.5169515257
   0.6126368907
   0.6997813748
   0.7749026032
   0.8391264356
   0.8889914441
   0.9263449262
   0.9478266322
   0.9560341160
   0.9477645625
   0.9263651147
   0.8888203316
   0.8391956388
   0.7746659940
   0.6999538029
   0.6124017069
   0.5173002031
   0.4121140269
   0.3025893294
   0.1862488389
   0.0691637988
  -0.0511620993
  -0.1684747211
  -0.2853729286
  -0.3955663833
  -0.5018396151
  -0.5980098626
  -0.6871231389
  -0.7632379534
  -0.8297238563
  -0.8809976959
  -0.9207952349
  -0.9439866025
  -0.9546926624
  -0.9483055054
  -0.9293232833
  -0.8936999430
  -0.8462751813
  -0.7835751411
  -0.7107179360
  -0.6247837094
  -0.5310807776
  -0.4271992897
  -0.3185283801
  -0.2031026806
  -0.0862668922
   0.0335813943
   0.1512766584
   0.2681494424
   0.3793505978
   0.4860325302
   0.5837947978
   0.6737010519
   0.7519199259
   0.8195047511
   0.8732951583
   0.9143958429
   0.9403954549
   0.9524903553
   0.9490682352
   0.9314328667
   0.8987905137
   0.8525420361
   0.7927005791
   0.7207279428
   0.6374023071
   0.5441864302
   0.4425543240
   0.3338894997
   0.2202696014
   0.1029034734
  -0.0156371599
  -0.1344226594
  -0.2505075401
  -0.3633482237
  -0.4697494356
  -0.5696557471
  -0.6597425045
  -0.7405328274
  -0.8086826702
  -0.8653660808
  -0.9073130887
  -0.9363976937
  -0.9494959926
  -0.9492035927
  -0.9325896590
  -0.9029632694
  -0.8576067999
  -0.8005041850
  -0.7291441924
  -0.6481176347
  -0.5550875448
  -0.4551571257
  -0.3461095548
  -0.2334438655
  -0.1149920306
   0.0034839485
   0.1241859537
   0.2412314091
   0.3569432678
   0.4654629143
   0.5693190218
   0.6628160260
   0.7487632889
   0.8217545962
   0.8849386283
   0.9333053364
   0.9703792098
   0.9916280619
   1.0009619739
   0.9943789670
   0.9761547743
   0.9428380901
   0.8990194395
   0.8417861788
   0.7759626585
   0.6991319100
   0.6162439808
   0.5253072857
   0.4312673782
   0.3324662777
   0.2336999584
   0.1335385896
   0.0364775927
  -0.0587943486
  -0.1482287892
  -0.2331216769
  -0.3100021601
  -0.3802363529
  -0.4410345828
  -0.4938904414
  -0.5367618589
  -0.5712900506
  -0.5962020131
  -0.6132635706
  -0.6219431138
  -0.6240631099
  -0.6197571454
  -0.6107948404
  -0.5978564604
  -0.5825169448
  -0.5658543964
  -0.5490896211
  -0.5335365210
  -0.5199038271
  -0.5095866237
  -0.5026465366
  -0.5004341467
  -0.5022725206
  -0.5093900692
  -0.5203398532
  -0.5362115911
  -0.5548256844
  -0.5771818471
  -0.6004725230
  -0.6257144478
  -0.6496314896
  -0.6734049612
  -0.6934814237
  -0.7113683760
  -0.7234287219
  -0.7316411150
  -0.7324499407
  -0.7284043859
  -0.7161409727
  -0.6988122933
  -0.6732880112
  -0.6432826980
  -0.6058700817
  -0.5652187525
  -0.5185223209
  -0.4702509737
  -0.4176061165
  -0.3651939978
  -0.3101166044
  -0.2569703419
  -0.2026851697
  -0.1517467224
  -0.1008933062
  -0.0544545867
  -0.0090121133
   0.0312569798
   0.0698544309
   0.1027263887
   0.1333744131
   0.1578440660
   0.1795750759
   0.1947227504
   0.2066489298
   0.2116787979
   0.2131320934
   0.2076089072
   0.1984589424
   0.1826810060
   0.1637288150
   0.1391019779
   0.1123914616
   0.0816360856
   0.0505198371
   0.0175672587
  -0.0135824247
  -0.0440664653
  -0.0705081685
  -0.0939193204
  -0.1114403253
  -0.1241809029
  -0.1300272940
  -0.1303554225
  -0.1239360458
  -0.1124672403
  -0.0956072921
  -0.0752903698
  -0.0519186281
  -0.0274437159
  -0.0027510964
   0.0204926300
   0.0412318706
   0.0583959277
   0.0710433965
   0.0789372112
   0.0814301910
   0.0792197879
   0.0719814977
   0.0612841238
   0.0469975297
   0.0313520858
   0.0141655360
  -0.0019694850
  -0.0175808534
  -0.0300222124
  -0.0404243403
  -0.0463244571
  -0.0496056919
  -0.0480968510
  -0.0444349838
  -0.0366994229
  -0.0281369505
  -0.0169104523
  -0.0066292444
   0.0046946319
   0.0133692465
   0.0217589843
   0.0263249309
   0.0299532336
   0.0293882644
   0.0280575148
   0.0229864115
   0.0180314863
   0.0103791234
   0.0041054990
  -0.0036286015
  -0.0087694409
  -0.0143635075
  -0.0165813739
  -0.0187860489
  -0.0174770479
  -0.0163298743
  -0.0121586239
  -0.0088338714
  -0.0033716698
   0.0003529515
   0.0052777814
   0.0077219060
   0.0107075755
   0.0108891232
   0.0114233327
   0.0093429254
   0.0078874933
   0.0044126169
   0.0021073416
  -0.0014661567
  -0.0033324977
  -0.0058404943
  -0.0063604308
  -0.0072158200
  -0.0061794206
  -0.0055313511
  -0.0034188660
  -0.0019884244
   0.0003242659
   0.0016283387
   0.0032950052
   0.0037913159
   0.0043527129
   0.0038485571
   0.0033729528
   0.0021748707
   0.0011456971
  -0.0001542938
  -0.0011209338
  -0.0019574057
  -0.0024138947
  -0.0025016636
  -0.0023466970
  -0.0017659177
  -0.0012328940
  -0.0003294144
   0.0001817684
   0.0010061844
   0.0011498984
   0.0016395750
   0.0012825124
   0.0014245923
   0.0006732308
   0.0006580073
  -0.0002372405
  -0.0001504444
  -0.0009460314
  -0.0005740206
  -0.0011532402
  -0.0004691578
  -0.0008750193
   0.0000065454
  -0.0003726434
   0.0005358377
   0.0000327038
   0.0008399324
