  -0.0777950300
  -0.2308854990
  -0.3774953068
  -0.5151017448
  -0.6397844578
  -0.7492196877
  -0.8402214297
  -0.9110833979
  -0.9596898850
  -0.9852145390
  -0.9867624837
  -0.9645364283
  -0.9188903748
  -0.8510898840
  -0.7626571574
  -0.6558379390
  -0.5331422170
  -0.3976071988
  -0.2524656564
  -0.1012725220
   0.0523433934
   0.2046392519
   0.3519495208
   0.4906955753
   0.6175342070
   0.7293900618
   0.8235677288
   0.8977874862
   0.9502631722
   0.9797275775
   0.9854766631
   0.9673758572
   0.9258713210
   0.8619726996
   0.7772333739
   0.6737090028
   0.5539104907
   0.4207409169
   0.2774268461
   0.1274388841
