  -0.0062826117
  -0.0188469036
  -0.0314077671
  -0.0439637568
  -0.0565125824
  -0.0690526254
  -0.0815816208
  -0.0940978502
  -0.1065991214
  -0.1190836440
  -0.1315492948
  -0.1439942314
  -0.1564163856
  -0.1688138803
  -0.1811846895
  -0.1935269155
  -0.2058385647
  -0.2181177292
  -0.2303624412
  -0.2425707907
  -0.2547408314
  -0.2668706565
  -0.2789583391
  -0.2910019799
  -0.3029996700
  -0.3149495208
  -0.3268496409
  -0.3386981549
  -0.3504931893
  -0.3622328838
  -0.3739153832
  -0.3855388442
  -0.3971014304
  -0.4086013171
  -0.4200366878
  -0.4314057375
  -0.4427066706
  -0.4539377032
  -0.4650970616
  -0.4761829841
  -0.4871937202
  -0.4981275314
  -0.5089826912
  -0.5197574858
  -0.5304502139
  -0.5410591871
  -0.5515827304
  -0.5620191821
  -0.5723668945
  -0.5826242336
  -0.5927895800
  -0.6028613286
  -0.6128378890
  -0.6227176861
  -0.6324991600
  -0.6421807661
  -0.6517609758
  -0.6612382765
  -0.6706111718
  -0.6798781818
  -0.6890378431
  -0.6980887097
  -0.7070293524
  -0.7158583596
  -0.7245743371
  -0.7331759089
  -0.7416617167
  -0.7500304208
  -0.7582806998
  -0.7664112509
  -0.7744207905
  -0.7823080539
  -0.7900717957
  -0.7977107901
  -0.8052238309
  -0.8126097319
  -0.8198673270
  -0.8269954701
  -0.8339930358
  -0.8408589192
  -0.8475920362
  -0.8541913238
  -0.8606557399
  -0.8669842639
  -0.8731758965
  -0.8792296601
  -0.8851445988
  -0.8909197788
  -0.8965542882
  -0.9020472372
  -0.9073977587
  -0.9126050077
  -0.9176681622
  -0.9225864226
  -0.9273590125
  -0.9319851782
  -0.9364641893
  -0.9407953386
  -0.9449779422
  -0.9490113398
  -0.9528948945
  -0.9566279931
  -0.9602100462
  -0.9636404882
  -0.9669187774
  -0.9700443963
  -0.9730168513
  -0.9758356730
  -0.9785004165
  -0.9810106610
  -0.9833660101
  -0.9855660919
  -0.9876105590
  -0.9894990888
  -0.9912313828
  -0.9928071678
  -0.9942261947
  -0.9954882397
  -0.9965931034
  -0.9975406113
  -0.9983306139
  -0.9989629865
  -0.9994376291
  -0.9997544669
  -0.9999134498
  -0.9999145528
  -0.9997577755
  -0.9994431429
  -0.9989707046
  -0.9983405352
  -0.9975527341
  -0.9966074258
  -0.9955047596
  -0.9942449095
  -0.9928280744
  -0.9912544782
  -0.9895243692
  -0.9876380205
  -0.9855957302
  -0.9833978206
  -0.9810446387
  -0.9785365562
  -0.9758739690
  -0.9730572975
  -0.9700869865
  -0.9669635049
  -0.9636873461
  -0.9602590271
  -0.9566790894
  -0.9529480982
  -0.9490666426
  -0.9450353354
  -0.9408548133
  -0.9365257362
  -0.9320487876
  -0.9274246746
  -0.9226541272
  -0.9177378985
  -0.9126767650
  -0.9074715257
  -0.9021230024
  -0.8966320398
  -0.8909995047
  -0.8852262865
  -0.8793132968
  -0.8732614691
  -0.8670717591
  -0.8607451441
  -0.8542826230
  -0.8476852161
  -0.8409539652
  -0.8340899331
  -0.8270942036
  -0.8199678813
  -0.8127120913
  -0.8053279794
  -0.7978167114
  -0.7901794732
  -0.7824174709
  -0.7745319299
  -0.7665240953
  -0.7583952316
  -0.7501466222
  -0.7417795694
  -0.7332953945
  -0.7246954371
  -0.7159810549
  -0.7071536240
  -0.6982145381
  -0.6891652087
  -0.6800070646
  -0.6707415518
  -0.6613701333
  -0.6518942888
  -0.6423155144
  -0.6326353226
  -0.6228552419
  -0.6129768163
  -0.6030016058
  -0.5929311852
  -0.5827671447
  -0.5725110891
  -0.5621646378
  -0.5517294243
  -0.5412070964
  -0.5305993155
  -0.5199077565
  -0.5091341075
  -0.4982800695
  -0.4873473564
  -0.4763376944
  -0.4652528219
  -0.4540944890
  -0.4428644576
  -0.4315645009
  -0.4201964030
  -0.4087619589
  -0.3972629741
  -0.3857012641
  -0.3740786544
  -0.3623969802
  -0.3506580860
  -0.3388638253
  -0.3270160603
  -0.3151166616
  -0.3031675082
  -0.2911704867
  -0.2791274914
  -0.2670404237
  -0.2549111923
  -0.2427417121
  -0.2305339047
  -0.2182896976
  -0.2060110241
  -0.1936998229
  -0.1813580378
  -0.1689876177
  -0.1565905156
  -0.1441686891
  -0.1317240993
  -0.1192587113
  -0.1067744933
  -0.0942734164
  -0.0817574545
  -0.0692285838
  -0.0566887824
  -0.0441400305
  -0.0315843092
  -0.0190236011
  -0.0064598895
   0.0061048420
   0.0186686094
   0.0312294290
   0.0437853175
   0.0563342924
   0.0688743723
   0.0814035773
   0.0939199290
   0.1064214512
   0.1189061700
   0.1313721141
   0.1438173152
   0.1562398084
   0.1686376321
   0.1810088289
   0.1933514453
   0.2056635327
   0.2179431469
   0.2301883492
   0.2423972060
   0.2545677897
   0.2666981787
   0.2787864575
   0.2908307176
   0.3028290572
   0.3147795819
   0.3266804047
   0.3385296467
   0.3503254368
   0.3620659126
   0.3737492204
   0.3853735154
   0.3969369622
   0.4084377351
   0.4198740181
   0.4312440056
   0.4425459022
   0.4537779235
   0.4649382960
   0.4760252576
   0.4870370576
   0.4979719575
   0.5088282307
   0.5196041630
   0.5302980529
   0.5409082121
   0.5514329651
   0.5618706503
   0.5722196195
   0.5824782388
   0.5926448883
   0.6027179628
   0.6126958719
   0.6225770401
   0.6323599072
   0.6420429286
   0.6516245754
   0.6611033347
   0.6704777098
   0.6797462207
   0.6889074039
   0.6979598128
   0.7069020182
   0.7157326082
   0.7244501885
   0.7330533825
   0.7415408320
   0.7499111968
   0.7581631553
   0.7662954046
   0.7743066605
   0.7821956583
   0.7899611523
   0.7976019163
   0.8051167440
   0.8125044488
   0.8197638641
   0.8268938439
   0.8338932624
   0.8407610143
   0.8474960153
   0.8540972020
   0.8605635321
   0.8668939846
   0.8730875599
   0.8791432803
   0.8850601894
   0.8908373531
   0.8964738591
   0.9019688176
   0.9073213608
   0.9125306438
   0.9175958438
   0.9225161613
   0.9272908192
   0.9319190638
   0.9364001642
   0.9407334130
   0.9449181258
   0.9489536421
   0.9528393245
   0.9565745597
   0.9601587577
   0.9635913528
   0.9668718028
   0.9699995899
   0.9729742202
   0.9757952240
   0.9784621560
   0.9809745949
   0.9833321442
   0.9855344315
   0.9875811092
   0.9894718541
   0.9912063676
   0.9927843760
   0.9942056300
   0.9954699052
   0.9965770020
   0.9975267457
   0.9983189862
   0.9989535985
   0.9994304823
   0.9997495624
   0.9999107885
   0.9999141349
   0.9997596013
   0.9994472120
   0.9989770163
   0.9983490886
   0.9975635278
   0.9966204582
   0.9955200285
   0.9942624125
   0.9928478089
   0.9912764409
   0.9895485566
   0.9876644290
   0.9856243555
   0.9834286581
   0.9810776837
   0.9785718034
   0.9759114128
   0.9730969320
   0.9701288055
   0.9670075018
   0.9637335139
   0.9603073586
   0.9567295769
   0.9530007337
   0.9491214178
   0.9450922417
   0.9409138416
   0.9365868773
   0.9321120318
   0.9274900119
   0.9227215473
   0.9178073908
   0.9127483185
   0.9075451291
   0.9021986441
   0.8967097077
   0.8910791867
   0.8853079700
   0.8793969688
   0.8733471166
   0.8671593684
   0.8608347014
   0.8543741142
   0.8477786267
   0.8410492805
   0.8341871381
   0.8271932829
   0.8200688192
   0.8128148719
   0.8054325864
   0.7979231283
   0.7902876834
   0.7825274571
   0.7746436748
   0.7666375813
   0.7585104407
   0.7502635362
   0.7418981700
   0.7334156628
   0.7248173541
   0.7161046015
   0.7072787806
   0.6983412850
   0.6892935258
   0.6801369317
   0.6708729484
   0.6615030386
   0.6520286818
   0.6424513740
   0.6327726272
   0.6229939699
   0.6131169458
   0.6031431146
   0.5930740511
   0.5829113451
   0.5726566011
   0.5623114385
   0.5518774906
   0.5413564049
   0.5307498426
   0.5200594784
   0.5092870002
   0.4984341089
   0.4875025183
   0.4764939542
   0.4654101549
   0.4542528704
   0.4430238624
   0.4317249038
   0.4203577788
   0.4089242822
   0.3974262191
   0.3858654051
   0.3742436655
   0.3625628354
   0.3508247590
   0.3390312898
   0.3271842898
   0.3152856297
   0.3033371881
   0.2913408517
   0.2792985145
   0.2672120780
   0.2550834506
   0.2429145472
   0.2307072894
   0.2184636044
   0.2061854256
   0.1938746916
   0.1815333462
   0.1691633379
   0.1567666200
   0.1443451498
   0.1319008885
   0.1194358011
   0.1069518557
   0.0944510234
   0.0819352780
   0.0694065958
   0.0568669548
   0.0443183351
   0.0317627179
   0.0192020857
   0.0066384218
