  -0.0391760020
  -0.1172105185
  -0.1944147165
  -0.2704452248
  -0.3447604410
  -0.4169922665
  -0.4866282362
  -0.5533038640
  -0.6165576986
  -0.6760459004
  -0.7313666444
  -0.7822108380
  -0.8282415668
  -0.8691966878
  -0.9048084280
  -0.9348716015
  -0.9591910701
  -0.9776262447
  -0.9900572135
  -0.9964132498
  -0.9966511025
  -0.9907728701
  -0.9788120163
  -0.9608442244
  -0.9369781928
  -0.9073618599
  -0.8721760681
  -0.8316377197
  -0.7859950958
  -0.7355289567
  -0.6805487636
  -0.6213923844
  -0.5584227652
  -0.4920266805
  -0.4226115960
  -0.3506037611
  -0.2764451301
  -0.2005910081
  -0.1235069775
  -0.0456662560
   0.0324533758
   0.1103723773
   0.1876124919
   0.2636996049
   0.3381667136
   0.4105567474
   0.4804254092
   0.5473438744
   0.6109014440
   0.6707080494
   0.7263966583
   0.7776255179
   0.8240802594
   0.8654758216
   0.9015582043
   0.9321060238
   0.9569318733
   0.9758834711
   0.9888445961
   0.9957357990
   0.9965148907
   0.9911771996
   0.9797556002
   0.9623203104
   0.9389784598
   0.9098734314
   0.8751839809
   0.8351231391
   0.7899369030
   0.7399027260
   0.6853278137
   0.6265472380
   0.5639218798
   0.4978362131
   0.4286959451
   0.3569255253
   0.2829655398
   0.2072700063
   0.1303035879
   0.0525387397
