  -0.1237120275
  -0.3593080801
  -0.5709920362
  -0.7470753160
  -0.8774486715
  -0.9545080112
  -0.9737665364
  -0.9341890258
  -0.8382764644
  -0.6919199376
  -0.5040433000
  -0.2860607518
  -0.0511840283
   0.1863780955
   0.4122792417
   0.6129017390
   0.7761774636
   0.8923137250
   0.9543805340
   0.9587240373
   0.9051814579
   0.7970849083
   0.6410542081
   0.4465915789
   0.2255030252
  -0.0088183684
  -0.2422037175
  -0.4605650565
  -0.6507456961
  -0.8013128938
  -0.9032450842
  -0.9504723611
  -0.9402378350
  -0.8732583608
  -0.7536752763
  -0.5887984886
  -0.3886597126
  -0.1654021634
   0.0674561732
   0.2958409951
   0.5059723151
   0.6851958572
   0.8227450622
   0.9103878169
   0.9429190651
   0.9184698237
   0.8386142671
   0.7082687619
   0.5353893059
   0.3304859846
   0.1059840720
  -0.1245293872
  -0.3471278360
  -0.5483865417
  -0.7161921889
  -0.8404719066
  -0.9137978564
  -0.9318310983
  -0.8935782124
  -0.8014455092
  -0.6610879024
  -0.4810619228
  -0.2723041578
  -0.0474669048
   0.1798486095
   0.3959149764
   0.5877075518
   0.7436895494
   0.8545059586
   0.9135445518
   0.9173303425
   0.8657299674
   0.7619539803
   0.6123572692
   0.4260499921
   0.2143428456
  -0.0099395574
  -0.2332355238
  -0.4420662755
  -0.6238495261
  -0.7676575353
  -0.8648739707
  -0.9097100978
  -0.8995493774
  -0.8350999622
  -0.7203462177
  -0.5623025405
  -0.3705846755
  -0.1568247283
   0.0660345445
   0.2845233529
   0.4854589587
   0.6567410292
   0.7880802742
   0.8716164960
   0.9023889278
   0.8786307225
   0.8018701159
   0.6768324898
   0.5111495907
   0.3148937909
   0.0999658101
  -0.1206268857
  -0.3335572576
  -0.5259838041
  -0.6863249709
  -0.8049561648
  -0.8747874232
  -0.8916870714
  -0.8547260576
  -0.7662285229
  -0.6316258874
  -0.4591235998
  -0.2592009919
  -0.0439747192
   0.1735355473
   0.3801946806
   0.5635452700
   0.7125585127
   0.8182975671
   0.8744534693
   0.8777214813
   0.8279954242
   0.7283685774
   0.5849414246
   0.4064481840
   0.2037249824
  -0.0109479477
  -0.2245901188
  -0.4243056331
  -0.5980615676
  -0.7354129202
  -0.8281304441
  -0.8706936333
  -0.8606193322
  -0.7986064116
  -0.6884880964
  -0.5369951517
  -0.3533445526
  -0.1486787673
   0.0646102352
   0.2736312466
   0.4657729274
   0.6294646769
   0.7548733629
   0.8344939585
   0.8635986140
   0.8405172942
   0.7667333318
   0.6467884453
   0.4880032847
   0.3000306932
   0.0942689428
  -0.1168293912
  -0.3205110143
  -0.5044923525
  -0.6577003086
  -0.7709386643
  -0.8374400266
  -0.8532701944
  -0.8175607867
  -0.7325563860
  -0.6034736687
  -0.4381813519
  -0.2467205868
  -0.0406950270
   0.1674323806
   0.3650932702
   0.5403727964
   0.6827278130
   0.7836210043
   0.8370328313
   0.8398205962
   0.7919032126
   0.6962608265
   0.5587496295
   0.3877433634
   0.1936234566
  -0.0118511663
  -0.2162563488
  -0.4072539010
  -0.5733363128
  -0.7045200370
  -0.7929455749
  -0.8333482985
  -0.8233718082
  -0.7637051797
  -0.6580361175
  -0.5128231606
  -0.3369010044
  -0.1409430522
   0.0631861100
   0.2631490362
   0.4468810522
   0.6033181357
   0.7230631320
   0.7989501929
   0.8264735387
   0.8040548908
   0.7331337103
   0.6180750981
   0.4659012316
   0.2858628555
   0.0888769706
  -0.1131351007
  -0.3079691402
  -0.4838752957
  -0.6302666415
  -0.7383563129
  -0.8016848719
  -0.8165062570
  -0.7820092599
  -0.7003614428
  -0.5765731497
  -0.4181901325
  -0.2348336429
  -0.0376160173
   0.1615327488
   0.3505866283
   0.5181497445
   0.6541432600
   0.7504115719
   0.8012113551
   0.8035541347
   0.7573819550
   0.6655658301
   0.5337273732
   0.3698946794
   0.1840135198
  -0.0126563930
  -0.2082234219
  -0.3908829976
  -0.5496301159
  -0.6749223372
  -0.7592533481
  -0.7976026134
  -0.7877341854
  -0.7303268924
  -0.6289283355
  -0.4897357768
  -0.3212174428
  -0.1335973816
   0.0617647921
   0.2530616387
   0.4287514854
   0.5782547441
   0.6925909490
   0.7649181559
   0.7909423097
   0.7691720887
   0.7010041085
   0.5906336319
   0.4447964783
   0.2723580019
   0.0837742181
  -0.1095421713
  -0.2959124162
  -0.4640972277
  -0.6039745423
  -0.7071486703
  -0.7674541735
  -0.7813242334
  -0.7480015045
  -0.6695789961
  -0.5508688053
  -0.3991069251
  -0.2235122277
  -0.0347265015
   0.1558304497
   0.3366515661
   0.4968373681
   0.6267529165
   0.7186072992
   0.7669207956
   0.7688517081
   0.7243633718
   0.6362215361
   0.5098225668
   0.3528631337
   0.1748715958
  -0.0133703849
  -0.2004808968
  -0.3751659438
  -0.5269011170
  -0.6465656328
  -0.7269905402
  -0.7633881515
  -0.7536369740
  -0.6984051934
  -0.6011055285
  -0.4676844757
  -0.3062589517
  -0.1266225323
   0.0603486787
   0.2433545095
   0.4113536473
   0.5542297616
   0.6634006379
   0.7323336469
   0.7569365915
   0.7358005502
   0.6702803119
   0.5644078252
   0.4246441763
   0.2594853450
   0.0789457934
  -0.1060487277
  -0.2843223416
  -0.4451241685
  -0.5787766295
  -0.6772578371
  -0.7346830276
  -0.7476561456
  -0.7154705775
  -0.6401471775
  -0.5263075683
  -0.3808906518
  -0.2127297119
  -0.0320158821
   0.1503194373
   0.3232657878
   0.4763984957
   0.6005070044
   0.6881488290
   0.7340958160
   0.7356459546
   0.6927821467
   0.6081686134
   0.4869854357
   0.3366114965
   0.1661752261
  -0.0139994992
  -0.1930186736
  -0.3600768201
  -0.5051091692
  -0.6193979978
  -0.6960966013
  -0.7306394089
  -0.7210136795
  -0.6678766137
  -0.5745110789
  -0.4466228975
  -0.2919922100
  -0.1200002107
   0.0589399574
   0.2340136263
   0.3946581815
   0.5312002973
   0.6354383880
   0.7011352062
   0.7243910039
   0.7038749360
   0.6409009784
   0.5393440477
   0.4054016592
   0.2472157812
   0.0743779524
  -0.1026522571
  -0.2731801855
  -0.4269221198
  -0.5546254102
  -0.6486252678
  -0.7033047375
  -0.7154302430
  -0.6843426584
  -0.6119926175
  -0.5028181925
  -0.3634725942
  -0.2024185828
  -0.0294142970
   0.1450782817
   0.3105263970
   0.4569628441
   0.5755871510
   0.6592954024
   0.7031068668
   0.7044618760
   0.6633732230
   0.5824222182
   0.4665999399
   0.3230035510
   0.1604062851
  -0.0112727135
  -0.1815665256
  -0.3400903690
  -0.4771652635
  -0.5843978988
  -0.6551819101
  -0.6850906197
  -0.6721379651
  -0.6168923905
  -0.5224374484
  -0.3941821805
  -0.2395334662
  -0.0674508772
   0.1120883510
   0.2886812529
   0.4521116729
   0.5929460337
   0.7030761907
   0.7761767094
   0.8080494065
   0.7968351911
   0.7430816785
   0.6496642012
   0.5215671285
   0.3655412391
   0.1896607001
   0.0028094732
  -0.1858687164
  -0.3675206552
  -0.5340983278
  -0.6788049478
  -0.7964442875
  -0.8836522120
  -0.9389977454
  -0.9629503189
  -0.9577194164
  -0.9269819599
  -0.8755207760
  -0.8088037563
  -0.7325373526
  -0.6522294841
  -0.5727956337
  -0.4982379018
  -0.4314203756
  -0.3739558108
  -0.3262089981
  -0.2874120835
  -0.2558773949
  -0.2292848656
  -0.2050147183
  -0.1804922998
  -0.1535112416
  -0.1225035802
  -0.0867309360
  -0.0463788315
  -0.0025460046
   0.0428688079
   0.0873697321
   0.1281342308
   0.1623222328
   0.1873910089
   0.2013823426
   0.2031515188
   0.1925138437
   0.1702931895
   0.1382674812
   0.0990169996
   0.0556916528
   0.0117218563
  -0.0294965807
  -0.0649107580
  -0.0920805526
  -0.1093830393
  -0.1161319200
  -0.1126018807
  -0.0999581417
  -0.0801015288
  -0.0554480448
  -0.0286682272
  -0.0024149031
   0.0209319754
   0.0394778150
   0.0519633446
   0.0578399040
   0.0572665712
   0.0510342675
   0.0404296010
   0.0270570167
   0.0126412614
  -0.0011670341
  -0.0129616353
  -0.0217098700
  -0.0268294136
  -0.0282080777
  -0.0261687727
  -0.0213879473
  -0.0147806232
  -0.0073681427
  -0.0001456725
   0.0060346485
   0.0105520379
   0.0130683935
   0.0135393340
   0.0121869785
   0.0094412361
   0.0058599592
   0.0020403363
  -0.0014658550
  -0.0042219934
  -0.0059531357
  -0.0065649834
  -0.0061352115
  -0.0048810624
  -0.0031102443
  -0.0011640502
   0.0006379988
   0.0020437410
   0.0028982095
