  -0.0196265238
  -0.0327055882
  -0.0501337134
  -0.0689963901
  -0.0883168566
  -0.1077648527
  -0.1272250310
  -0.1466541820
  -0.1660327186
  -0.1853493085
  -0.2045950789
  -0.2237622531
  -0.2428432281
  -0.2618306565
  -0.2807171588
  -0.2994954871
  -0.3181583726
  -0.3366986455
  -0.3551091410
  -0.3733827786
  -0.3915125034
  -0.4094913374
  -0.4273123439
  -0.4449686604
  -0.4624534772
  -0.4797600593
  -0.4968817335
  -0.5138119033
  -0.5305440418
  -0.5470717016
  -0.5633885117
  -0.5794881843
  -0.5953645136
  -0.6110113814
  -0.6264227567
  -0.6415927002
  -0.6565153649
  -0.6711849996
  -0.6855959505
  -0.6997426633
  -0.7136196859
  -0.7272216698
  -0.7405433728
  -0.7535796604
  -0.7663255084
  -0.7787760044
  -0.7909263498
  -0.8027718617
  -0.8143079749
  -0.8255302431
  -0.8364343411
  -0.8470160665
  -0.8572713409
  -0.8671962118
  -0.8767868542
  -0.8860395716
  -0.8949507979
  -0.9035170989
  -0.9117351727
  -0.9196018523
  -0.9271141056
  -0.9342690374
  -0.9410638902
  -0.9474960450
  -0.9535630230
  -0.9592624859
  -0.9645922370
  -0.9695502222
  -0.9741345307
  -0.9783433956
  -0.9821751949
  -0.9856284518
  -0.9887018352
  -0.9913941609
  -0.9937043910
  -0.9956316354
  -0.9971751511
  -0.9983343434
  -0.9991087655
  -0.9994981189
  -0.9995022537
  -0.9991211682
  -0.9983550094
  -0.9972040726
  -0.9956688014
  -0.9937497875
  -0.9914477706
  -0.9887636379
  -0.9856984240
  -0.9822533102
  -0.9784296243
  -0.9742288402
  -0.9696525767
  -0.9647025978
  -0.9593808113
  -0.9536892681
  -0.9476301621
  -0.9412058283
  -0.9344187429
  -0.9272715217
  -0.9197669194
  -0.9119078284
  -0.9036972777
  -0.8951384317
  -0.8862345891
  -0.8769891817
  -0.8674057727
  -0.8574880558
  -0.8472398533
  -0.8366651151
  -0.8257679168
  -0.8145524583
  -0.8030230623
  -0.7911841724
  -0.7790403514
  -0.7665962797
  -0.7538567534
  -0.7408266825
  -0.7275110891
  -0.7139151050
  -0.7000439704
  -0.6859030314
  -0.6714977381
  -0.6568336425
  -0.6419163964
  -0.6267517489
  -0.6113455449
  -0.5957037221
  -0.5798323089
  -0.5637374225
  -0.5474252661
  -0.5309021265
  -0.5141743721
  -0.4972484498
  -0.4801308832
  -0.4628282696
  -0.4453472776
  -0.4276946446
  -0.4098771743
  -0.3919017336
  -0.3737752505
  -0.3555047112
  -0.3370971575
  -0.3185596838
  -0.2998994346
  -0.2811236019
  -0.2622394222
  -0.2432541735
  -0.2241751731
  -0.2050097743
  -0.1857653636
  -0.1664493581
  -0.1470692024
  -0.1276323658
  -0.1081463396
  -0.0886186338
  -0.0690567748
  -0.0494683019
  -0.0298607647
  -0.0102417202
   0.0093812702
   0.0290006435
   0.0486088382
   0.0681982971
   0.0877614701
   0.1072908173
   0.1267788120
   0.1462179432
   0.1656007189
   0.1849196686
   0.2041673467
   0.2233363348
   0.2424192450
   0.2614087226
   0.2802974487
   0.2990781434
   0.3177435685
   0.3362865300
   0.3546998813
   0.3729765256
   0.3911094190
   0.4090915728
   0.4269160564
   0.4445760002
   0.4620645977
   0.4793751087
   0.4965008615
   0.5134352557
   0.5301717645
   0.5467039375
   0.5630254030
   0.5791298705
   0.5950111332
   0.6106630704
   0.6260796494
   0.6412549288
   0.6561830596
   0.6708582885
   0.6852749594
   0.6994275161
   0.7133105039
   0.7269185722
   0.7402464764
   0.7532890797
   0.7660413554
   0.7784983885
   0.7906553781
   0.8025076387
   0.8140506022
   0.8252798201
   0.8361909643
   0.8467798296
   0.8570423350
   0.8669745252
   0.8765725722
   0.8858327769
   0.8947515703
   0.9033255149
   0.9115513064
   0.9194257745
   0.9269458841
   0.9341087371
   0.9409115728
   0.9473517693
   0.9534268446
   0.9591344572
   0.9644724073
   0.9694386378
   0.9740312346
   0.9782484276
   0.9820885916
   0.9855502465
   0.9886320582
   0.9913328389
   0.9936515478
   0.9955872912
   0.9971393232
   0.9983070454
   0.9990900080
   0.9994879092
   0.9995005957
   0.9991280626
   0.9983704534
   0.9972280603
   0.9957013235
   0.9937908316
   0.9914973208
   0.9888216751
   0.9857649258
   0.9823282510
   0.9785129753
   0.9743205691
   0.9697526483
   0.9648109735
   0.9594974492
   0.9538141235
   0.9477631866
   0.9413469708
   0.9345679490
   0.9274287339
   0.9199320770
   0.9120808678
   0.9038781322
   0.8953270316
   0.8864308617
   0.8771930514
   0.8676171609
   0.8577068810
   0.8474660312
   0.8368985585
   0.8260085358
   0.8148001601
   0.8032777515
   0.7914457507
   0.7793087181
   0.7668713313
   0.7541383839
   0.7411147835
   0.7278055493
   0.7142158111
   0.7003508065
   0.6862158792
   0.6718164770
   0.6571581497
   0.6422465467
   0.6270874153
   0.6116865979
   0.5960500302
   0.5801837387
   0.5640938385
   0.5477865310
   0.5312681010
   0.5145449151
   0.4976234186
   0.4805101332
   0.4632116547
   0.4457346500
   0.4280858551
   0.4102720719
   0.3923001663
   0.3741770647
   0.3559097521
   0.3375052688
   0.3189707083
   0.3003132139
   0.2815399766
   0.2626582317
   0.2436752565
   0.2245983672
   0.2054349165
   0.1861922899
   0.1668779041
   0.1474992028
   0.1280636550
   0.1085787513
   0.0890520014
   0.0694909312
   0.0499030798
   0.0302959965
   0.0106772382
