  -0.2859341241
  -0.7084198774
  -0.8773756094
  -0.7604779114
  -0.4093566328
   0.0562778648
   0.4868145729
   0.7496907916
   0.7696539145
   0.5498396965
   0.1677622512
  -0.2515985341
  -0.5763602013
  -0.7087919420
  -0.6140450049
  -0.3280907234
   0.0567306725
   0.4229702996
   0.6653599762
   0.7217856851
   0.5881846853
   0.3134955685
  -0.0220440579
  -0.3361346951
  -0.5698646988
  -0.7004139498
  -0.7380219701
  -0.7111619802
  -0.6485575331
  -0.5669620917
  -0.4695291350
  -0.3534338182
  -0.2205246907
  -0.0837477337
   0.0347632843
   0.1127265173
   0.1383876666
   0.1165092052
   0.0662808902
   0.0125008901
  -0.0249849473
  -0.0381163894
  -0.0309108675
  -0.0142779126
   0.0009108334
   0.0086586778
   0.0087908342
   0.0047547154
   0.0004602093
  -0.0018574039
  -0.0020220168
  -0.0010537498
  -0.0000568069
   0.0004178283
   0.0003955015
   0.0001650434
  -0.0000251354
  -0.0000886314
  -0.0000622547
  -0.0000148704
   0.0000124192
   0.0000152116
   0.0000068647
  -0.0000004778
  -0.0000028177
  -0.0000018476
  -0.0000003201
   0.0000004099
   0.0000003861
   0.0000001225
  -0.0000000450
  -0.0000000683
  -0.0000000293
   0.0000000028
   0.0000000107
   0.0000000057
   0.0000000002
  -0.0000000015
  -0.0000000009
  -0.0000000001
   0.0000000002
   0.0000000001
   0.0000000000
  -0.0000000000
  -0.0000000000
  -0.0000000000
   0.0000000000
   0.0000000000
   0.0000000000
  -0.0000000000
  -0.0000000000
  -0.0000000000
   0.0000000000
   0.0000000000
   0.0000000000
  -0.0000000000
  -0.0000000000
  -0.0000000000
   0.0000000000
   0.0000000000
   0.0000000000
  -0.0000000000
  -0.0000000000
  -0.0000000000
   0.0000000000
   0.0000000000
  -0.0000000000
  -0.0000000000
  -0.0000000000
   0.0000000000
   0.0000000000
   0.0000000000
  -0.0000000000
  -0.0000000000
  -0.0000000000
   0.0000000000
   0.0000000000
   0.0000000000
  -0.0000000000
  -0.0000000000
  -0.0000000000
   0.0000000000
   0.0000000000
  -0.0000000000
  -0.0000000000
  -0.0000000000
   0.0000000000
   0.0000000000
   0.0000000000
  -0.0000000000
  -0.0000000000
  -0.0000000000
   0.0000000000
   0.0000000000
  -0.0000000000
  -0.0000000000
  -0.0000000000
   0.0000000000
   0.0000000000
   0.0000000000
  -0.0000000000
  -0.0000000000
   0.0000000000
   0.0000000000
   0.0000000000
  -0.0000000000
  -0.0000000000
  -0.0000000000
   0.0000000000
   0.0000000000
  -0.0000000000
  -0.0000000000
  -0.0000000000
   0.0000000000
   0.0000000000
   0.0000000000
  -0.0000000000
  -0.0000000000
   0.0000000000
   0.0000000000
   0.0000000000
  -0.0000000000
  -0.0000000000
   0.0000000000
   0.0000000000
   0.0000000000
  -0.0000000000
  -0.0000000000
  -0.0000000000
   0.0000000000
   0.0000000000
  -0.0000000000
  -0.0000000000
  -0.0000000000
   0.0000000000
   0.0000000000
  -0.0000000000
  -0.0000000000
  -0.0000000000
   0.0000000000
   0.0000000000
   0.0000000000
  -0.0000000000
  -0.0000000000
   0.0000000000
   0.0000000000
   0.0000000000
  -0.0000000000
  -0.0000000000
   0.0000000000
   0.0000000000
   0.0000000000
  -0.0000000000
  -0.0000000000
   0.0000000000
   0.0000000000
   0.0000000000
  -0.0000000000
  -0.0000000000
   0.0000000000
