  -0.0392038698
  -0.0652967039
  -0.1000023458
  -0.1374582828
  -0.1756686506
  -0.2139313359
  -0.2519710093
  -0.2896588775
  -0.3269119274
  -0.3636658133
  -0.3998604849
  -0.4354399799
  -0.4703486618
  -0.5045331119
  -0.5379402858
  -0.5705190116
  -0.6022188727
  -0.6329912334
  -0.6627885468
  -0.6915650403
  -0.7192762968
  -0.7458797125
  -0.7713342528
  -0.7956007618
  -0.8186418269
  -0.8404219913
  -0.8609076866
  -0.8800673804
  -0.8978715495
  -0.9142927846
  -0.9293057860
  -0.9428874390
  -0.9550168212
  -0.9656752564
  -0.9748463268
  -0.9825159112
  -0.9886721964
  -0.9933057038
  -0.9964092972
  -0.9979781991
  -0.9980099942
  -0.9965046357
  -0.9934644436
  -0.9888941026
  -0.9828006533
  -0.9751934832
  -0.9660843103
  -0.9554871667
  -0.9434183760
  -0.9298965284
  -0.9149424522
  -0.8985791816
  -0.8808319212
  -0.8617280073
  -0.8412968656
  -0.8195699661
  -0.7965807744
  -0.7723647004
  -0.7469590436
  -0.7204029355
  -0.6927372797
  -0.6640046887
  -0.6342494181
  -0.6035172987
  -0.5718556659
  -0.5393132866
  -0.5059402840
  -0.4717880611
  -0.4369092204
  -0.4013574839
  -0.3651876098
  -0.3284553084
  -0.2912171561
  -0.2535305083
  -0.2154534112
  -0.1770445125
  -0.1383629704
  -0.0994683635
  -0.0604205981
  -0.0212798165
   0.0178936958
   0.0570396030
   0.0960976118
   0.1350075645
   0.1737095314
   0.2121439033
   0.2502514831
   0.2879735772
   0.3252520857
   0.3620295921
   0.3982494515
   0.4338558782
   0.4687940311
   0.5030100985
   0.5364513811
   0.5690663729
   0.6008048406
   0.6316179009
   0.6614580963
   0.6902794672
   0.7180376236
   0.7446898132
   0.7701949871
   0.7945138628
   0.8176089856
   0.8394447851
   0.8599876310
   0.8792058842
   0.8970699460
   0.9135523033
   0.9286275712
   0.9422725323
   0.9544661719
   0.9651897107
   0.9744266340
   0.9821627164
   0.9883860445
   0.9930870347
   0.9962584483
   0.9978954022
   0.9979953769
   0.9965582204
   0.9935861478
   0.9890837385
   0.9830579290
   0.9755180022
   0.9664755728
   0.9559445700
   0.9439412155
   0.9304839987
   0.9155936484
   0.8992931006
   0.8816074634
   0.8625639781
   0.8421919774
   0.8205228401
   0.7975899430
   0.7734286091
   0.7480760537
   0.7215713265
   0.6939552520
   0.6652703663
   0.6355608515
   0.6048724680
   0.5732524837
   0.5407496014
   0.5074138837
   0.4732966759
   0.4384505266
   0.4029291076
   0.3667871304
   0.3300802621
   0.2928650401
   0.2551987845
   0.2171395102
   0.1787458371
   0.1400769003
   0.1011922588
   0.0621518036
   0.0230156658
