  -0.0196843710
  -0.0588749307
  -0.0979774731
  -0.1369285113
  -0.1756669530
  -0.2141346455
  -0.2522717683
  -0.2900205337
  -0.3273222011
  -0.3641199177
  -0.4003565441
  -0.4359766678
  -0.4709251038
  -0.5051482910
  -0.5385933031
  -0.5712088036
  -0.6029444170
  -0.6337513784
  -0.6635821482
  -0.6923908544
  -0.7201330684
  -0.7467661086
  -0.7722489189
  -0.7965422805
  -0.8196087547
  -0.8414128337
  -0.8619209215
  -0.8811014440
  -0.8989248516
  -0.9153637009
  -0.9303926685
  -0.9439886126
  -0.9561305906
  -0.9667999055
  -0.9759801239
  -0.9836571096
  -0.9898190387
  -0.9944564234
  -0.9975621219
  -0.9991313532
  -0.9991617016
  -0.9976531225
  -0.9946079410
  -0.9900308492
  -0.9839288984
  -0.9763114889
  -0.9671903548
  -0.9565795465
  -0.9444954085
  -0.9309565547
  -0.9159838398
  -0.8996003264
  -0.8818312505
  -0.8627039820
  -0.8422479825
  -0.8204947602
  -0.7974778215
  -0.7732326188
  -0.7477964965
  -0.7212086331
  -0.6935099811
  -0.6647432038
  -0.6349526095
  -0.6041840834
  -0.5724850169
  -0.5399042345
  -0.5064919189
  -0.4722995331
  -0.4373797420
  -0.4017863304
  -0.3655741207
  -0.3287988885
  -0.2915172761
  -0.2537867061
  -0.2156652923
  -0.1772117505
  -0.1384853079
  -0.0995456120
  -0.0604526387
  -0.0212665999
   0.0179521491
   0.0571432030
   0.0962461989
   0.1352009097
   0.1739473370
   0.2124258028
   0.2505770424
   0.2883422947
   0.3256633935
   0.3624828567
   0.3987439748
   0.4343908983
   0.4693687239
   0.5036235789
   0.5371027042
   0.5697545354
   0.6015287825
   0.6323765072
   0.6622501985
   0.6911038452
   0.7188930078
   0.7455748860
   0.7711083852
   0.7954541795
   0.8185747724
   0.8404345545
   0.8609998585
   0.8802390108
   0.8981223803
   0.9146224244
   0.9297137309
   0.9433730576
   0.9555793677
   0.9663138625
   0.9755600102
   0.9833035715
   0.9895326213
   0.9942375672
   0.9974111643
   0.9990485264
   0.9991471333
   0.9977068349
   0.9947298513
   0.9902207695
   0.9841865363
   0.9766364473
   0.9675821333
   0.9570375414
   0.9450189144
   0.9315447653
   0.9166358489
   0.9003151298
   0.8826077472
   0.8635409758
   0.8431441843
   0.8214487896
   0.7984882089
   0.7742978080
   0.7489148468
   0.7223784220
   0.6947294068
   0.6660103880
   0.6362656004
   0.6055408587
   0.5738834867
   0.5413422450
   0.5079672550
   0.4738099226
   0.4389228584
   0.4033597970
   0.3671755140
   0.3304257418
   0.2931670839
   0.2554569272
   0.2173533542
   0.1789150531
   0.1402012277
   0.1012715062
   0.0621858491
   0.0230044569
