  -0.0816398466
  -0.2336016866
  -0.3800784588
  -0.5172981250
  -0.6418644755
  -0.7508578613
  -0.8416079043
  -0.9119822219
  -0.9602460815
  -0.9852745454
  -0.9864398870
  -0.9637448666
  -0.9177256631
  -0.8495184115
  -0.7607668352
  -0.6536347399
  -0.5307113310
  -0.3949822500
  -0.2497302308
  -0.0984770404
   0.0551188204
   0.2073372448
   0.3544971508
   0.4930372247
   0.6196085937
   0.7311507011
   0.8249692736
   0.8987983141
   0.9508572313
   0.9798919210
   0.9852064190
   0.9666784667
   0.9247631770
   0.8604811935
   0.7753943500
   0.6715673311
   0.5515178732
   0.4181554804
   0.2747110874
   0.1246586498
