  -0.1237101032
  -0.3593062938
  -0.5709904828
  -0.7470740850
  -0.8774478353
  -0.9545076192
  -0.9737666114
  -0.9341895624
  -0.8382774294
  -0.6919212721
  -0.5040449226
  -0.2860625642
  -0.0511859208
   0.1863762374
   0.4122775301
   0.6129002770
   0.7761763390
   0.8923130051
   0.9543802616
   0.9587242279
   0.9051820994
   0.7970859612
   0.6410556081
   0.4465932409
   0.2255048484
  -0.0088164939
  -0.2422019037
  -0.4605634091
  -0.6507443024
  -0.8013118033
  -0.9032442659
  -0.9504716044
  -0.9402365166
  -0.8732549052
  -0.7536659597
  -0.5887748967
  -0.3886035746
  -0.1652753259
   0.0677303144
   0.2964102621
   0.5071107338
   0.6873911481
   0.8268300698
   0.9177256906
   0.9556454089
   0.9397811496
   0.8730694268
   0.7620392703
   0.6163599816
   0.4480781816
   0.2705634194
   0.0972249521
  -0.0598843704
  -0.1914078815
  -0.2917620559
  -0.3597416959
  -0.3984917391
  -0.4147850019
  -0.4176860351
  -0.4168301353
  -0.4206596502
  -0.4349949463
  -0.4622509194
  -0.5014491994
  -0.5489629611
  -0.5997308616
  -0.6485560909
  -0.6911090859
  -0.7243792675
  -0.7465286846
  -0.7563157542
  -0.7524052156
  -0.7329115642
  -0.6954307092
  -0.6376337119
  -0.5582887890
  -0.4584083729
  -0.3421357216
  -0.2170127005
  -0.0934022674
   0.0169512254
   0.1029981912
   0.1566530875
   0.1746850343
   0.1596747239
   0.1196703777
   0.0665087933
   0.0131613883
  -0.0292076282
  -0.0536500261
  -0.0586202812
  -0.0476259602
  -0.0275226481
  -0.0060697618
   0.0104261049
   0.0186470684
   0.0185980739
   0.0128196946
   0.0049429353
  -0.0017892325
  -0.0055074563
  -0.0059668622
  -0.0041482466
  -0.0015235419
   0.0006457138
   0.0017150447
   0.0016952375
   0.0010189855
   0.0002165980
  -0.0003355470
  -0.0005127548
  -0.0003976621
  -0.0001635842
   0.0000368864
   0.0001305132
   0.0001231138
   0.0000635389
   0.0000028335
  -0.0000303814
  -0.0000334089
  -0.0000191117
  -0.0000026476
   0.0000069487
   0.0000083365
   0.0000048907
   0.0000007523
  -0.0000016378
  -0.0000019513
  -0.0000010953
  -0.0000001218
   0.0000003975
   0.0000004279
   0.0000002137
   0.0000000013
  -0.0000000952
  -0.0000000864
  -0.0000000350
   0.0000000070
   0.0000000214
   0.0000000156
   0.0000000043
  -0.0000000030
  -0.0000000043
  -0.0000000024
  -0.0000000002
   0.0000000008
   0.0000000007
   0.0000000003
  -0.0000000001
  -0.0000000002
  -0.0000000001
  -0.0000000000
   0.0000000000
   0.0000000000
   0.0000000000
  -0.0000000000
  -0.0000000000
  -0.0000000000
  -0.0000000000
   0.0000000000
   0.0000000000
   0.0000000000
  -0.0000000000
  -0.0000000000
  -0.0000000000
  -0.0000000000
   0.0000000000
   0.0000000000
   0.0000000000
  -0.0000000000
  -0.0000000000
  -0.0000000000
   0.0000000000
   0.0000000000
   0.0000000000
   0.0000000000
  -0.0000000000
  -0.0000000000
  -0.0000000000
   0.0000000000
   0.0000000000
   0.0000000000
  -0.0000000000
  -0.0000000000
  -0.0000000000
   0.0000000000
   0.0000000000
   0.0000000000
  -0.0000000000
  -0.0000000000
  -0.0000000000
  -0.0000000000
   0.0000000000
   0.0000000000
   0.0000000000
  -0.0000000000
  -0.0000000000
  -0.0000000000
   0.0000000000
   0.0000000000
   0.0000000000
  -0.0000000000
  -0.0000000000
  -0.0000000000
   0.0000000000
   0.0000000000
   0.0000000000
  -0.0000000000
  -0.0000000000
  -0.0000000000
   0.0000000000
   0.0000000000
   0.0000000000
  -0.0000000000
  -0.0000000000
  -0.0000000000
   0.0000000000
   0.0000000000
   0.0000000000
  -0.0000000000
  -0.0000000000
  -0.0000000000
   0.0000000000
   0.0000000000
   0.0000000000
  -0.0000000000
  -0.0000000000
  -0.0000000000
   0.0000000000
   0.0000000000
   0.0000000000
  -0.0000000000
  -0.0000000000
  -0.0000000000
   0.0000000000
   0.0000000000
   0.0000000000
  -0.0000000000
  -0.0000000000
  -0.0000000000
   0.0000000000
   0.0000000000
   0.0000000000
  -0.0000000000
  -0.0000000000
  -0.0000000000
   0.0000000000
   0.0000000000
   0.0000000000
  -0.0000000000
  -0.0000000000
  -0.0000000000
   0.0000000000
   0.0000000000
   0.0000000000
  -0.0000000000
  -0.0000000000
  -0.0000000000
   0.0000000000
   0.0000000000
   0.0000000000
  -0.0000000000
  -0.0000000000
  -0.0000000000
   0.0000000000
   0.0000000000
  -0.0000000000
  -0.0000000000
  -0.0000000000
   0.0000000000
   0.0000000000
   0.0000000000
  -0.0000000000
  -0.0000000000
  -0.0000000000
   0.0000000000
   0.0000000000
   0.0000000000
  -0.0000000000
  -0.0000000000
  -0.0000000000
   0.0000000000
   0.0000000000
  -0.0000000000
  -0.0000000000
  -0.0000000000
   0.0000000000
   0.0000000000
   0.0000000000
  -0.0000000000
  -0.0000000000
  -0.0000000000
   0.0000000000
   0.0000000000
   0.0000000000
  -0.0000000000
  -0.0000000000
   0.0000000000
   0.0000000000
   0.0000000000
  -0.0000000000
  -0.0000000000
  -0.0000000000
   0.0000000000
   0.0000000000
   0.0000000000
  -0.0000000000
  -0.0000000000
  -0.0000000000
   0.0000000000
   0.0000000000
  -0.0000000000
  -0.0000000000
  -0.0000000000
   0.0000000000
   0.0000000000
   0.0000000000
  -0.0000000000
  -0.0000000000
  -0.0000000000
   0.0000000000
   0.0000000000
  -0.0000000000
  -0.0000000000
  -0.0000000000
   0.0000000000
   0.0000000000
   0.0000000000
  -0.0000000000
  -0.0000000000
   0.0000000000
   0.0000000000
   0.0000000000
  -0.0000000000
  -0.0000000000
  -0.0000000000
   0.0000000000
   0.0000000000
   0.0000000000
  -0.0000000000
  -0.0000000000
   0.0000000000
   0.0000000000
   0.0000000000
  -0.0000000000
  -0.0000000000
  -0.0000000000
   0.0000000000
   0.0000000000
  -0.0000000000
  -0.0000000000
  -0.0000000000
   0.0000000000
   0.0000000000
   0.0000000000
  -0.0000000000
  -0.0000000000
   0.0000000000
   0.0000000000
   0.0000000000
  -0.0000000000
  -0.0000000000
  -0.0000000000
   0.0000000000
   0.0000000000
  -0.0000000000
  -0.0000000000
  -0.0000000000
   0.0000000000
   0.0000000000
   0.0000000000
  -0.0000000000
  -0.0000000000
   0.0000000000
   0.0000000000
   0.0000000000
  -0.0000000000
  -0.0000000000
  -0.0000000000
   0.0000000000
   0.0000000000
  -0.0000000000
  -0.0000000000
  -0.0000000000
   0.0000000000
   0.0000000000
   0.0000000000
  -0.0000000000
  -0.0000000000
   0.0000000000
   0.0000000000
   0.0000000000
  -0.0000000000
  -0.0000000000
  -0.0000000000
   0.0000000000
   0.0000000000
  -0.0000000000
  -0.0000000000
  -0.0000000000
   0.0000000000
   0.0000000000
  -0.0000000000
  -0.0000000000
  -0.0000000000
   0.0000000000
   0.0000000000
   0.0000000000
  -0.0000000000
  -0.0000000000
   0.0000000000
   0.0000000000
   0.0000000000
  -0.0000000000
  -0.0000000000
  -0.0000000000
   0.0000000000
   0.0000000000
  -0.0000000000
  -0.0000000000
  -0.0000000000
   0.0000000000
   0.0000000000
  -0.0000000000
  -0.0000000000
  -0.0000000000
   0.0000000000
   0.0000000000
   0.0000000000
  -0.0000000000
  -0.0000000000
   0.0000000000
   0.0000000000
   0.0000000000
  -0.0000000000
  -0.0000000000
   0.0000000000
   0.0000000000
   0.0000000000
  -0.0000000000
  -0.0000000000
   0.0000000000
   0.0000000000
   0.0000000000
  -0.0000000000
  -0.0000000000
  -0.0000000000
   0.0000000000
   0.0000000000
  -0.0000000000
  -0.0000000000
  -0.0000000000
   0.0000000000
   0.0000000000
  -0.0000000000
  -0.0000000000
  -0.0000000000
   0.0000000000
   0.0000000000
  -0.0000000000
  -0.0000000000
  -0.0000000000
   0.0000000000
   0.0000000000
   0.0000000000
  -0.0000000000
  -0.0000000000
   0.0000000000
   0.0000000000
   0.0000000000
  -0.0000000000
  -0.0000000000
   0.0000000000
   0.0000000000
   0.0000000000
  -0.0000000000
  -0.0000000000
   0.0000000000
   0.0000000000
   0.0000000000
  -0.0000000000
  -0.0000000000
   0.0000000000
   0.0000000000
   0.0000000000
  -0.0000000000
  -0.0000000000
  -0.0000000000
   0.0000000000
   0.0000000000
  -0.0000000000
  -0.0000000000
  -0.0000000000
   0.0000000000
   0.0000000000
  -0.0000000000
  -0.0000000000
  -0.0000000000
   0.0000000000
   0.0000000000
