  -0.1237153262
  -0.3593111424
  -0.5709946991
  -0.7470774263
  -0.8774501050
  -0.9545086832
  -0.9737664078
  -0.9341881058
  -0.8382748100
  -0.6919176500
  -0.5040405183
  -0.2860576448
  -0.0511807842
   0.1863812807
   0.4122821758
   0.6129042453
   0.7761793915
   0.8923149592
   0.9543810011
   0.9587237104
   0.9051803581
   0.7970831034
   0.6410518083
   0.4465887300
   0.2254999000
  -0.0088215808
  -0.2422068229
  -0.4605678677
  -0.6507480438
  -0.8013146372
  -0.9032461190
  -0.9504726261
  -0.9402373154
  -0.8732570894
  -0.7536733313
  -0.5887959884
  -0.3886568092
  -0.1653990326
   0.0674593418
   0.2958440103
   0.5059749950
   0.6851980407
   0.8227466183
   0.9103886527
   0.9429191314
   0.9184691178
   0.8386128330
   0.7082666874
   0.5353867174
   0.3304830392
   0.1059809482
  -0.1245325007
  -0.3471307511
  -0.5483890827
  -0.7161942032
  -0.8404732734
  -0.9137984944
  -0.9318309701
  -0.8935773272
  -0.8014439217
  -0.6610857096
  -0.4810592581
  -0.2723011829
  -0.0474637999
   0.1798516568
   0.3959177822
   0.5877099471
   0.7436913903
   0.8545071350
   0.9135449938
   0.9173300247
   0.8657289102
   0.7619522488
   0.6123549692
   0.4260472634
   0.2143398537
  -0.0099426315
  -0.2332384944
  -0.4420689633
  -0.6238517695
  -0.7676591995
  -0.8648749562
  -0.9097103464
  -0.8995488753
  -0.8350987410
  -0.7203443524
  -0.5623001447
  -0.3705818949
  -0.1568217314
   0.0660375765
   0.2845262368
   0.4854615207
   0.6567431151
   0.7880817590
   0.8716172911
   0.9023889863
   0.8786300422
   0.8018687391
   0.6768305009
   0.5111471108
   0.3148909704
   0.0999628200
  -0.1206298645
  -0.3335600455
  -0.5259862329
  -0.6863268947
  -0.8049574684
  -0.8747880289
  -0.8916869438
  -0.8547252057
  -0.7662269995
  -0.6316237855
  -0.4591210472
  -0.2591981436
  -0.0439717477
   0.1735384625
   0.3801973636
   0.5635475591
   0.7125602706
   0.8182986884
   0.8744538875
   0.8777211723
   0.8279944079
   0.7283669164
   0.5849392203
   0.4064455704
   0.2037221180
  -0.0109508895
  -0.2245929604
  -0.4243082030
  -0.5980637112
  -0.7354145088
  -0.8281313827
  -0.8706938665
  -0.8606188469
  -0.7986052386
  -0.6884863075
  -0.5369928561
  -0.3533418897
  -0.1486758984
   0.0646131364
   0.2736340049
   0.4657753766
   0.6294666697
   0.7548747797
   0.8344947149
   0.8635986653
   0.8405166386
   0.7667320101
   0.6467865384
   0.4880009088
   0.3000279924
   0.0942660808
  -0.1168322413
  -0.3205136805
  -0.5044946741
  -0.6577021462
  -0.7709399076
  -0.8374406017
  -0.8532700676
  -0.8175599670
  -0.7325549240
  -0.6034716538
  -0.4381789067
  -0.2467178596
  -0.0406921830
   0.1674351695
   0.3650958358
   0.5403749841
   0.6827294915
   0.7836220731
   0.8370332269
   0.8398202958
   0.7919022357
   0.6962592331
   0.5587475169
   0.3877408601
   0.1936207144
  -0.0118539815
  -0.2162590670
  -0.4072563581
  -0.5733383610
  -0.7045215534
  -0.7929464688
  -0.8333485170
  -0.8233713394
  -0.7637040530
  -0.6580344020
  -0.5128209609
  -0.3368984541
  -0.1409403059
   0.0631888860
   0.2631516744
   0.4468833937
   0.6033200395
   0.7230644839
   0.7989509124
   0.8264735832
   0.8040542589
   0.7331324414
   0.6180732698
   0.4658989553
   0.2858602694
   0.0888742313
  -0.1131378275
  -0.3079716901
  -0.4838775148
  -0.6302683965
  -0.7383574987
  -0.8016854178
  -0.8165061312
  -0.7820084712
  -0.7003600399
  -0.5765712183
  -0.4181877902
  -0.2348310318
  -0.0376132954
   0.1615354169
   0.3505890816
   0.5181518353
   0.6541448628
   0.7504125906
   0.8012117293
   0.8035538429
   0.7573810160
   0.6655643016
   0.5337253486
   0.3698922818
   0.1840108945
  -0.0126590871
  -0.2082260220
  -0.3908853469
  -0.5496320730
  -0.6749237847
  -0.7592541994
  -0.7976028182
  -0.7877337324
  -0.7303258101
  -0.6289266903
  -0.4897336690
  -0.3212150005
  -0.1335947528
   0.0617674484
   0.2530641621
   0.4287537237
   0.5782565628
   0.6925922390
   0.7649188402
   0.7909423480
   0.7691714798
   0.7010028903
   0.5906318790
   0.4447942975
   0.2723555255
   0.0837715962
  -0.1095447803
  -0.2959148547
  -0.4640993488
  -0.6039762185
  -0.7071498012
  -0.7674546918
  -0.7813241088
  -0.7480007457
  -0.6695776498
  -0.5508669540
  -0.3991046814
  -0.2235097277
  -0.0347238966
   0.1558330021
   0.3366539120
   0.4968393663
   0.6267544468
   0.7186082702
   0.7669211495
   0.7688514246
   0.7243624692
   0.6362200699
   0.5098206265
   0.3528608372
   0.1748690825
  -0.0133729630
  -0.2004833840
  -0.3751681900
  -0.5269029870
  -0.6465670144
  -0.7269913509
  -0.7633883432
  -0.7536365364
  -0.6984041539
  -0.6011039508
  -0.4676824560
  -0.3062566127
  -0.1266200158
   0.0603512204
   0.2433569230
   0.4113557871
   0.5542314991
   0.6634018688
   0.7323342977
   0.7569366240
   0.7357999635
   0.6702791424
   0.5644061446
   0.4246420869
   0.2594829737
   0.0789432838
  -0.1060512239
  -0.2843246736
  -0.4451261959
  -0.5787782305
  -0.6772589156
  -0.7346835195
  -0.7476560222
  -0.7154698474
  -0.6401458856
  -0.5263057938
  -0.3808885024
  -0.2127273182
  -0.0320133890
   0.1503218791
   0.3232680311
   0.4764004053
   0.6005084656
   0.6881497544
   0.7340961506
   0.7356456793
   0.6927812791
   0.6081672069
   0.4869835762
   0.3366092970
   0.1661728200
  -0.0140019663
  -0.1930210527
  -0.3600789677
  -0.5051109560
  -0.6193993166
  -0.6960973733
  -0.7306395885
  -0.7210132568
  -0.6678756153
  -0.5745095661
  -0.4466209626
  -0.2919899707
  -0.1199978029
   0.0589423877
   0.2340159319
   0.3946602225
   0.5312019497
   0.6354395508
   0.7011358066
   0.7243910018
   0.7038743247
   0.6408997841
   0.5393423253
   0.4053994859
   0.2472132471
   0.0743751480
  -0.1026552564
  -0.2731833390
  -0.4269254448
  -0.5546290119
  -0.6486293765
  -0.7033097564
  -0.7154368107
  -0.6843517323
  -0.6120055847
  -0.5028370194
  -0.3635000274
  -0.2024584176
  -0.0294717358
   0.1449961562
   0.3104100019
   0.4567992909
   0.5753592109
   0.6589801890
   0.7026741803
   0.7038721427
   0.6625749647
   0.5813489834
   0.4651666350
   0.3211021207
   0.1579007137
  -0.0145520761
  -0.1858292586
  -0.3455927787
  -0.4842174764
  -0.5933709332
  -0.6665142773
  -0.6992938486
  -0.6898002660
  -0.6386794871
  -0.5490894093
  -0.4265048984
  -0.2783832773
  -0.1137107086
   0.0575429380
   0.2250276656
   0.3786388388
   0.5091267830
   0.6086537179
   0.6712644956
   0.6932428725
   0.6733320033
   0.6128060806
   0.5153890508
   0.3870255775
   0.2355183340
   0.0700537511
  -0.0993549550
  -0.2624737103
  -0.4094657982
  -0.5314850227
  -0.6212080503
  -0.6732738997
  -0.6846042058
  -0.6545851300
  -0.5851001717
  -0.4804121585
  -0.3469017985
  -0.1926788255
  -0.0270894322
   0.1398500943
   0.2980592140
   0.4380018115
   0.5512609582
   0.6310451173
   0.6725953521
   0.6734691236
   0.6336837570
   0.5557111579
   0.4443243539
   0.3063053804
   0.1500323851
  -0.0150289143
  -0.1788985532
  -0.3316857008
  -0.4641856209
  -0.5684341837
  -0.6381865264
  -0.6692910971
  -0.6599366791
  -0.6107577032
  -0.5247917337
  -0.4072919494
  -0.2654061895
  -0.1077421718
   0.0561546745
   0.2163790858
   0.3632645690
   0.4879665614
   0.5829949642
   0.6426639901
   0.6634323084
   0.6441131424
   0.5859418593
   0.4924972177
   0.3694812794
   0.2243715156
   0.0659663297
  -0.0961483816
  -0.2521792899
  -0.3927172202
  -0.5093045251
  -0.5949440375
  -0.6445189768
  -0.6550986116
  -0.6261114236
  -0.5593755458
  -0.4589848844
  -0.3310580471
  -0.1833654723
  -0.0248574781
   0.1348781046
   0.2861958522
   0.4199751463
   0.5281698851
   0.6042923794
   0.6438023324
   0.6443775845
   0.6060504819
   0.5312018679
   0.4244133039
   0.2921866879
   0.1425484231
  -0.0154377656
  -0.1722197997
  -0.3183347522
  -0.4449799743
  -0.5445433787
  -0.6110609331
  -0.6405738723
  -0.6313642365
  -0.5840547246
  -0.5015670693
  -0.3889416903
  -0.2530297518
  -0.1020764351
   0.0547792279
   0.2080576223
   0.3485114254
   0.4676834716
   0.5584159542
   0.6152803065
   0.6349019482
   0.6161604717
   0.5602533981
   0.4706198892
   0.3527292622
   0.2137473069
   0.0621007610
  -0.0930335875
  -0.2422841999
  -0.3766508860
  -0.4880475100
  -0.5697885793
  -0.6169904377
  -0.6268629902
  -0.5988745350
  -0.5347799727
  -0.4385109222
  -0.3159346176
  -0.1744963661
  -0.0227673526
   0.1300747460
   0.2748008662
   0.4026878089
   0.5060439917
   0.5786720157
   0.6162402313
   0.6165410275
   0.5796204473
   0.5077715256
   0.4053919865
   0.2787151252
   0.1354303386
  -0.0157835954
  -0.1657841638
  -0.3055178554
  -0.4265665718
  -0.5216547372
  -0.5850865597
  -0.6130871677
  -0.6040271906
  -0.5585174293
  -0.4793681221
  -0.3714155005
  -0.2412263332
  -0.0966985067
   0.0534180677
   0.2000511570
   0.3343544571
   0.4482412587
   0.5348713367
   0.5890617511
   0.6075968872
   0.5894191957
   0.5356893186
   0.4497122000
   0.3367338709
   0.2036213997
   0.0584455320
  -0.0900086179
  -0.2327731588
  -0.3612391331
  -0.4676756250
  -0.5456949671
  -0.5906360521
  -0.5998427519
  -0.5728208151
  -0.5112639808
  -0.4189479575
  -0.3014988950
  -0.1660505437
  -0.0208109894
   0.1254347232
   0.2638559415
   0.3861095940
   0.4848430256
   0.5541361740
   0.5898564989
   0.5899053856
   0.5543413356
   0.4853727183
   0.3872207478
   0.2658611778
   0.1286605207
  -0.0160710682
  -0.1595831040
  -0.2932138019
  -0.4089128398
  -0.4997263064
  -0.5602146236
  -0.5867783271
  -0.5778721974
  -0.5340950072
  -0.4581496788
  -0.3546764833
  -0.2299695672
  -0.0915941234
   0.0520725133
   0.1923480084
   0.3207697092
   0.4296051612
   0.5123176616
   0.5639588226
   0.5814645723
   0.5638368872
   0.5122004844
   0.4297312651
   0.3214610500
   0.1939706090
   0.0549897088
  -0.0870715164
  -0.2236314601
  -0.3464554145
  -0.4481521061
  -0.5226184568
  -0.5654058106
  -0.5739856506
  -0.5478989387
  -0.4887802630
  -0.4002555500
  -0.2877197354
  -0.1580080218
  -0.0189807531
   0.1209528839
   0.2533434713
   0.3702115247
   0.4645284088
   0.5306390208
   0.5646008257
   0.5644189181
   0.5301631008
   0.4639601135
   0.3698616970
   0.2535966714
   0.1222221959
  -0.0163045638
  -0.1536083636
  -0.2814022184
  -0.3919875391
  -0.4787178863
  -0.5363984059
  -0.5615969446
  -0.5528482134
  -0.5107388595
  -0.4378685154
  -0.3386893897
  -0.2192342939
  -0.0867497159
   0.0507437443
   0.1849369159
   0.3077341827
   0.4117418507
   0.4907133001
   0.5399241200
   0.5564547012
   0.5393633847
   0.4897399029
   0.4106360921
   0.3068782719
   0.1847728211
   0.0517229085
  -0.0842203283
  -0.2148449508
  -0.3322742547
  -0.4294417122
  -0.5005161865
  -0.5412518312
  -0.5492416832
  -0.5240598041
  -0.4672835816
  -0.3823950507
  -0.2745674003
  -0.1503497524
  -0.0172694176
   0.1166242164
   0.2432465298
   0.3549658034
   0.4450631686
   0.5081366563
   0.5404250468
   0.5400321103
   0.5070378702
   0.4434903673
   0.3532786281
   0.2418947114
   0.1160993886
  -0.0164881934
  -0.1478519613
  -0.2700635339
  -0.3757607108
  -0.4585909560
  -0.5135931644
  -0.5374947685
  -0.5289063962
  -0.4884025032
  -0.4184833100
  -0.3234205447
  -0.2089965048
  -0.0821523755
   0.0494328096
   0.1778070263
   0.2952257973
   0.3946193721
   0.4700183689
   0.5169122530
   0.5325191266
   0.5159506951
   0.4682626321
   0.3923874983
   0.2929544688
   0.1760069443
   0.0486352723
  -0.0814531042
  -0.2064000114
  -0.3186712059
  -0.4115106624
  -0.4793470972
  -0.5181282681
  -0.5255629932
  -0.5012564366
  -0.4467306783
  -0.3653295226
  -0.2620134932
  -0.1430575787
  -0.0156701446
   0.1124438472
   0.2335488461
   0.3403457636
   0.4264118711
   0.4865870329
   0.5172830511
   0.5166975783
   0.4849198497
   0.4239220373
   0.3374369450
   0.2307296248
   0.1102768830
  -0.0166258144
  -0.1423061832
  -0.2591789489
  -0.3602036235
  -0.4393086042
  -0.4917560501
  -0.5144256092
  -0.5060000099
  -0.4670414783
  -0.3999545589
  -0.3088377771
  -0.1992332910
  -0.0777898223
   0.0481406369
   0.1709478784
   0.2832233545
   0.3782070879
   0.4501946572
   0.4948797572
   0.5096117634
   0.4935528996
   0.4477256913
   0.3749480309
   0.2796599670
   0.1676528624
   0.0457174389
  -0.0787679034
  -0.1982835358
  -0.3056228075
  -0.3943265752
  -0.4590718570
  -0.4959912256
  -0.5029037789
  -0.4794438971
  -0.4270801877
  -0.3490236651
  -0.2500308989
  -0.1361141943
  -0.0141764640
   0.1084070383
   0.2242347791
   0.3263258244
   0.4085405567
   0.4659498775
   0.4951306939
   0.4943699773
   0.4637652340
   0.4052154999
   0.3223035905
   0.2200769049
   0.1047401882
  -0.0167210450
  -0.1369635747
  -0.2487304049
  -0.3452887236
  -0.4208354620
  -0.4708460272
  -0.4923452514
  -0.4840843344
  -0.4466132606
  -0.3822444971
  -0.2949103529
  -0.1899227927
  -0.0736503751
   0.0468680411
   0.1643493903
   0.2717065030
   0.3624756235
   0.4312055563
   0.4737850122
   0.4876885012
   0.4721260646
   0.4280879759
   0.3582818905
   0.2669664248
   0.1596913895
   0.0429605208
  -0.0761627964
  -0.1904829126
  -0.2931065457
  -0.3778584111
  -0.4396527891
  -0.4747986753
  -0.4812202053
  -0.4585791932
  -0.4082925542
  -0.3334437417
  -0.2385937264
  -0.1295031031
  -0.0127822546
   0.1045091843
   0.2152892938
   0.3128814464
   0.3914166796
   0.4461866164
   0.4739257126
   0.4730059137
   0.4435321204
   0.3873328699
   0.3078469774
   0.2099131586
   0.0994755033
  -0.0167772771
  -0.1318169320
  -0.2387005558
  -0.3309895870
  -0.4031376381
  -0.4508237967
  -0.4712113696
  -0.4631165784
  -0.4270771770
  -0.3653170216
  -0.2816089108
  -0.1810441514
  -0.0697229227
   0.0456157321
   0.1580018459
   0.2606557049
   0.3473968159
   0.4130159928
   0.4535881640
   0.4667071190
   0.4516281554
   0.4093101749
   0.3423548586
   0.2548467729
   0.1521042273
   0.0403560803
  -0.0736358679
  -0.1829860069
  -0.2811008164
  -0.3620764169
  -0.4210538017
  -0.4545103768
  -0.4604703197
  -0.4386211955
  -0.3903299535
  -0.3185575107
  -0.2276772538
  -0.1232085823
  -0.0114817262
   0.1007458102
   0.2066979375
   0.2999890894
   0.3750090488
   0.4272603037
   0.4536276469
   0.4525638617
   0.4241804259
   0.3702379250
   0.2940369237
   0.2002160563
   0.0944696852
  -0.0167976894
  -0.1268592947
  -0.2290727397
  -0.3172808731
  -0.3861826580
  -0.4316517226
  -0.4509834478
  -0.4430557964
  -0.4083943253
  -0.3491376186
  -0.2689054014
  -0.1725774642
  -0.0659968964
   0.0443843227
   0.1518958817
   0.2500522035
   0.3329436635
   0.3955923645
   0.4342510496
   0.4466272051
   0.4320189552
   0.3913546935
   0.3271342277
   0.2432751574
   0.1448739244
   0.0378961078
  -0.0711852184
  -0.1757811418
  -0.2695848868
  -0.3469520714
  -0.4032403198
  -0.4350877989
  -0.4406139669
  -0.4195305515
  -0.3731562090
  -0.3043341487
  -0.2172578605
  -0.1172156256
  -0.0102693748
   0.0971126063
   0.1984468701
   0.2876262425
   0.3592878674
   0.4091356827
   0.4341979380
   0.4330043196
   0.4056721277
   0.3538964605
   0.2808451635
   0.1909650488
   0.0897112372
  -0.0167839051
  -0.1220821443
  -0.2198285824
  -0.3041351580
  -0.3699353018
  -0.4132883868
  -0.4316156784
  -0.4238536585
  -0.3905156083
  -0.3336578908
  -0.2567531311
  -0.1644781107
  -0.0624293271
   0.0432164863
   0.1460762914
   0.2399464955
   0.3191772131
   0.3790124671
   0.4158758512
   0.4275845043
   0.4134786046
   0.3744587143
   0.3129288806
   0.2326490950
   0.1385061738
   0.0362170382
  -0.0680175759
  -0.1678879850
  -0.2573563194
  -0.3310201819
  -0.3844372787
  -0.4143914931
  -0.4190844428
  -0.3982410901
  -0.3531231844
  -0.2864498954
  -0.2022306013
  -0.1055200981
  -0.0021111610
   0.1018168431
   0.2000719719
   0.2868236950
   0.3569542297
   0.4063660033
   0.4322266992
   0.4331371395
   0.4092119342
   0.3620681106
   0.2947224944
   0.2114041260
   0.1172931130
   0.0182017515
  -0.0797827866
  -0.1706725990
  -0.2489474349
  -0.3098950782
  -0.3499031975
