  -0.0622987882
  -0.1860823996
  -0.3058922798
  -0.4218624979
  -0.5299477322
  -0.6312058727
  -0.7209402383
  -0.8012931662
  -0.8670795448
  -0.9216028483
  -0.9593048535
  -0.9846836056
  -0.9918969522
  -0.9866362980
  -0.9628403800
  -0.9273581855
  -0.8739488767
  -0.8105488212
  -0.7307520593
  -0.6434794662
  -0.5421512273
  -0.4365406976
  -0.3198658322
  -0.2025963941
  -0.0777050494
   0.0438157321
   0.1692902699
   0.2873873729
   0.4057819493
   0.5129905128
   0.6170870962
   0.7066169045
   0.7900898061
   0.8562477891
   0.9140553493
   0.9525998636
   0.9812963004
   0.9897011963
   0.9876492720
   0.9652613617
   0.9327326910
   0.8808128540
   0.8199696550
   0.7416150493
   0.6563745037
   0.5563267326
   0.4521164120
   0.3364675796
   0.2198871578
   0.0957020842
  -0.0258876295
  -0.1510095563
  -0.2699447179
  -0.3883408380
  -0.4971313379
  -0.6015508894
  -0.6933461717
  -0.7773998297
  -0.8464148308
  -0.9049707082
  -0.9468454665
  -0.9763469979
  -0.9884176129
  -0.9871036027
  -0.9685677331
  -0.9365809251
  -0.8885475674
  -0.8279250217
  -0.7533455013
  -0.6678914012
  -0.5713758820
  -0.4664246901
  -0.3539556075
  -0.2360402784
  -0.1146004653
   0.0089537453
   0.1318152732
   0.2533464111
   0.3699844433
   0.4819712290
   0.5851219730
   0.6806549119
   0.7638939929
   0.8371145198
   0.8952719808
   0.9417593470
   0.9712751786
   0.9883689930
   0.9875817235
   0.9746370101
   0.9440054989
   0.9025815843
   0.8448391045
   0.7788143858
   0.6990338967
   0.6146052512
   0.5201075521
   0.4255736275
   0.3255433935
   0.2307067524
   0.1353340716
   0.0503454904
  -0.0306441280
  -0.0970531999
  -0.1564029823
  -0.1990454868
  -0.2340421377
  -0.2530783837
  -0.2668322338
  -0.2682758314
  -0.2692438321
  -0.2633799847
  -0.2626892567
  -0.2604732988
  -0.2677327441
  -0.2764955866
  -0.2959633546
  -0.3166091302
  -0.3458883886
  -0.3733550906
  -0.4056126397
  -0.4325381852
  -0.4610366283
  -0.4823952778
  -0.5044324328
  -0.5200950787
  -0.5377689866
  -0.5514157300
  -0.5690053663
  -0.5846020356
  -0.6049327981
  -0.6237587417
  -0.6464678134
  -0.6668659333
  -0.6895127150
  -0.7089150063
  -0.7292886419
  -0.7461588471
  -0.7633649474
  -0.7772090431
  -0.7906889287
  -0.8004206771
  -0.8081384018
  -0.8105608027
  -0.8081315313
  -0.7978789445
  -0.7793081547
  -0.7502393132
  -0.7097830821
  -0.6571516453
  -0.5917037671
  -0.5147140866
  -0.4264687290
  -0.3308946449
  -0.2296243639
  -0.1292947062
  -0.0324912511
   0.0524518391
   0.1235739887
   0.1729795677
   0.2017163925
   0.2047343368
   0.1880126267
   0.1505075586
   0.1030764986
   0.0473855593
  -0.0034642217
  -0.0486190457
  -0.0767843017
  -0.0916579067
  -0.0866562382
  -0.0713344557
  -0.0433887369
  -0.0158984137
   0.0127877667
   0.0304685314
   0.0422176477
   0.0398124599
   0.0330329362
   0.0170928460
   0.0041106239
  -0.0106021899
  -0.0162613524
  -0.0203509226
  -0.0151038395
  -0.0107554787
  -0.0011792540
   0.0030531220
   0.0089140576
   0.0075793141
   0.0078252767
   0.0024964994
   0.0010316389
  -0.0035728226
  -0.0027945873
  -0.0044529482
  -0.0012937983
  -0.0015059572
   0.0016776842
   0.0006758379
   0.0024187315
   0.0002704332
   0.0011425864
  -0.0010336354
   0.0000845779
  -0.0013563149
   0.0002081905
  -0.0007557783
   0.0007220906
  -0.0002782848
   0.0007776490
  -0.0003161071
   0.0004614364
  -0.0004724362
   0.0002418501
  -0.0004113433
   0.0002307813
  -0.0002250630
   0.0002315057
  -0.0001052608
   0.0001361633
  -0.0000589796
   0.0000117854
   0.0000014434
  -0.0000755192
   0.0000972693
  -0.0001422337
   0.0001921382
  -0.0002201655
   0.0002697476
  -0.0003062815
   0.0003427980
  -0.0003856747
   0.0004190799
  -0.0004571709
   0.0004933092
  -0.0005261154
   0.0005610815
  -0.0005926442
   0.0006235234
  -0.0006538922
   0.0006817263
  -0.0007089963
   0.0007345856
  -0.0007583723
   0.0007810029
  -0.0008016974
   0.0008207681
  -0.0008382027
   0.0008536969
  -0.0008674549
   0.0008793203
  -0.0008892271
   0.0008972324
  -0.0009032212
   0.0009071951
  -0.0009091446
   0.0009090154
  -0.0009068168
   0.0009025310
  -0.0008961447
   0.0008876688
  -0.0008771018
   0.0008644558
  -0.0008497519
   0.0008330102
  -0.0008142630
   0.0007935474
  -0.0007709051
   0.0007463865
  -0.0007200463
   0.0006919449
  -0.0006621481
   0.0006307258
  -0.0005977511
   0.0005633003
  -0.0005274507
   0.0004902800
  -0.0004518650
   0.0004122794
  -0.0003715928
   0.0003298685
  -0.0002871616
   0.0002435170
  -0.0001989672
   0.0001535300
  -0.0001072065
   0.0000599787
  -0.0000118073
  -0.0000373707
   0.0000876435
  -0.0001391267
   0.0001919650
  -0.0002463337
   0.0003024393
  -0.0003605208
   0.0004208499
  -0.0004837307
   0.0005494993
  -0.0006185225
   0.0006911962
  -0.0007679430
   0.0008492092
  -0.0009354612
   0.0010271812
  -0.0011248620
   0.0012290018
  -0.0013400978
   0.0014586391
  -0.0015850999
   0.0017199312
  -0.0018635526
   0.0020163442
  -0.0021786374
   0.0023507065
  -0.0025327598
   0.0027249308
  -0.0029272704
   0.0031397389
  -0.0033621989
   0.0035944090
  -0.0038360183
   0.0040865623
  -0.0043454594
   0.0046120097
  -0.0048853941
   0.0051646760
  -0.0054488038
   0.0057366157
  -0.0060268457
   0.0063181317
  -0.0066090248
   0.0068980005
  -0.0071834714
   0.0074638010
  -0.0077373190
   0.0080023373
  -0.0082571674
   0.0085001375
  -0.0087296107
   0.0089440032
  -0.0091418017
   0.0093215813
  -0.0094820220
   0.0096219241
  -0.0097402232
   0.0098360027
  -0.0099085053
   0.0099571425
  -0.0099815017
   0.0099813517
  -0.0099566455
   0.0099075208
  -0.0098342989
   0.0097374802
  -0.0096177383
   0.0094759119
  -0.0093129945
   0.0091301222
  -0.0089285605
   0.0087096893
  -0.0084749866
   0.0082260119
  -0.0079643886
   0.0076917860
  -0.0074099021
   0.0071204450
  -0.0068251168
   0.0065255963
  -0.0062235240
   0.0059204875
  -0.0056180081
   0.0053175297
  -0.0050204080
   0.0047279018
  -0.0044411667
   0.0041612489
  -0.0038890819
   0.0036254845
  -0.0033711597
   0.0031266960
  -0.0028925691
   0.0026691457
  -0.0024566877
   0.0022553575
  -0.0020652244
   0.0018862709
  -0.0017184009
   0.0015614462
  -0.0014151751
   0.0012793003
  -0.0011534863
   0.0010373575
  -0.0009305055
   0.0008324963
  -0.0007428770
   0.0006611821
  -0.0005869392
   0.0005196745
  -0.0004589169
   0.0004042029
  -0.0003550795
   0.0003111077
  -0.0002718648
   0.0002369467
  -0.0002059688
   0.0001785681
  -0.0001544029
   0.0001331541
  -0.0001145246
   0.0000982396
  -0.0000840457
   0.0000717106
  -0.0000610222
   0.0000517878
  -0.0000438328
   0.0000369999
  -0.0000311480
   0.0000261508
  -0.0000218959
   0.0000182836
  -0.0000152258
   0.0000126448
  -0.0000104727
   0.0000086500
  -0.0000071250
   0.0000058527
  -0.0000047943
   0.0000039165
  -0.0000031906
   0.0000025920
  -0.0000020999
   0.0000016965
  -0.0000013667
   0.0000010980
  -0.0000008796
   0.0000007027
  -0.0000005598
   0.0000004447
  -0.0000003522
   0.0000002782
  -0.0000002191
   0.0000001721
  -0.0000001348
   0.0000001052
  -0.0000000819
   0.0000000636
  -0.0000000492
   0.0000000380
  -0.0000000293
   0.0000000225
  -0.0000000172
   0.0000000131
  -0.0000000100
   0.0000000076
  -0.0000000057
   0.0000000043
  -0.0000000032
   0.0000000024
  -0.0000000018
   0.0000000014
  -0.0000000010
   0.0000000007
  -0.0000000005
   0.0000000004
  -0.0000000003
   0.0000000002
  -0.0000000002
   0.0000000001
  -0.0000000001
   0.0000000001
  -0.0000000000
   0.0000000000
  -0.0000000000
   0.0000000000
  -0.0000000000
   0.0000000000
  -0.0000000000
   0.0000000000
  -0.0000000000
   0.0000000000
  -0.0000000000
   0.0000000000
  -0.0000000000
   0.0000000000
  -0.0000000000
   0.0000000000
  -0.0000000000
   0.0000000000
  -0.0000000000
   0.0000000000
  -0.0000000000
   0.0000000000
  -0.0000000000
   0.0000000000
  -0.0000000000
   0.0000000000
  -0.0000000000
   0.0000000000
  -0.0000000000
   0.0000000000
  -0.0000000000
   0.0000000000
  -0.0000000000
   0.0000000000
  -0.0000000000
   0.0000000000
  -0.0000000000
   0.0000000000
  -0.0000000000
   0.0000000000
  -0.0000000000
   0.0000000000
  -0.0000000000
   0.0000000000
  -0.0000000000
   0.0000000000
  -0.0000000000
   0.0000000000
  -0.0000000000
   0.0000000000
  -0.0000000000
   0.0000000000
  -0.0000000000
   0.0000000000
  -0.0000000000
   0.0000000000
  -0.0000000000
   0.0000000000
  -0.0000000000
   0.0000000000
  -0.0000000000
   0.0000000000
  -0.0000000000
   0.0000000000
  -0.0000000000
   0.0000000000
  -0.0000000000
   0.0000000000
  -0.0000000000
   0.0000000000
  -0.0000000000
   0.0000000000
  -0.0000000000
   0.0000000000
  -0.0000000000
   0.0000000000
  -0.0000000000
   0.0000000000
  -0.0000000000
   0.0000000000
  -0.0000000000
   0.0000000000
  -0.0000000000
   0.0000000000
  -0.0000000000
   0.0000000000
  -0.0000000000
   0.0000000000
  -0.0000000000
   0.0000000000
  -0.0000000000
   0.0000000000
  -0.0000000000
   0.0000000000
  -0.0000000000
   0.0000000000
  -0.0000000000
   0.0000000000
  -0.0000000000
   0.0000000000
  -0.0000000000
   0.0000000000
  -0.0000000000
   0.0000000000
  -0.0000000000
   0.0000000000
  -0.0000000000
   0.0000000000
  -0.0000000000
   0.0000000000
  -0.0000000000
   0.0000000000
  -0.0000000000
   0.0000000000
  -0.0000000000
   0.0000000000
  -0.0000000000
   0.0000000000
  -0.0000000000
   0.0000000000
  -0.0000000000
   0.0000000000
  -0.0000000000
   0.0000000000
  -0.0000000000
   0.0000000000
  -0.0000000000
   0.0000000000
  -0.0000000000
   0.0000000000
  -0.0000000000
   0.0000000000
  -0.0000000000
   0.0000000000
  -0.0000000000
   0.0000000000
  -0.0000000000
   0.0000000000
  -0.0000000000
   0.0000000000
  -0.0000000000
   0.0000000000
  -0.0000000000
   0.0000000000
  -0.0000000000
   0.0000000000
  -0.0000000000
   0.0000000000
  -0.0000000000
   0.0000000000
  -0.0000000000
   0.0000000000
  -0.0000000000
   0.0000000000
  -0.0000000000
   0.0000000000
  -0.0000000000
   0.0000000000
  -0.0000000000
   0.0000000000
  -0.0000000000
   0.0000000000
  -0.0000000000
   0.0000000000
  -0.0000000000
   0.0000000000
  -0.0000000000
   0.0000000000
  -0.0000000000
   0.0000000000
  -0.0000000000
   0.0000000000
  -0.0000000000
   0.0000000000
  -0.0000000000
   0.0000000000
  -0.0000000000
   0.0000000000
  -0.0000000000
   0.0000000000
  -0.0000000000
   0.0000000000
  -0.0000000000
   0.0000000000
  -0.0000000000
   0.0000000000
  -0.0000000000
   0.0000000000
  -0.0000000000
   0.0000000000
  -0.0000000000
   0.0000000000
  -0.0000000000
   0.0000000000
  -0.0000000000
   0.0000000000
  -0.0000000000
   0.0000000000
  -0.0000000000
   0.0000000000
  -0.0000000000
   0.0000000000
  -0.0000000000
   0.0000000000
  -0.0000000000
   0.0000000000
  -0.0000000000
   0.0000000000
  -0.0000000000
   0.0000000000
  -0.0000000000
   0.0000000000
  -0.0000000000
   0.0000000000
  -0.0000000000
   0.0000000000
  -0.0000000000
   0.0000000000
  -0.0000000000
   0.0000000000
  -0.0000000000
   0.0000000000
  -0.0000000000
   0.0000000000
  -0.0000000000
   0.0000000000
  -0.0000000000
   0.0000000000
  -0.0000000000
   0.0000000000
  -0.0000000000
   0.0000000000
  -0.0000000000
   0.0000000000
  -0.0000000000
   0.0000000000
  -0.0000000000
   0.0000000000
  -0.0000000000
   0.0000000000
  -0.0000000000
   0.0000000000
  -0.0000000000
   0.0000000000
  -0.0000000000
   0.0000000000
  -0.0000000000
   0.0000000000
  -0.0000000000
   0.0000000000
  -0.0000000000
   0.0000000000
  -0.0000000000
   0.0000000000
  -0.0000000000
   0.0000000000
  -0.0000000000
   0.0000000000
  -0.0000000000
   0.0000000000
  -0.0000000000
   0.0000000000
  -0.0000000000
   0.0000000000
  -0.0000000000
   0.0000000000
  -0.0000000000
   0.0000000000
  -0.0000000000
   0.0000000000
  -0.0000000000
   0.0000000000
  -0.0000000000
   0.0000000000
  -0.0000000000
   0.0000000000
  -0.0000000000
   0.0000000000
  -0.0000000000
   0.0000000000
  -0.0000000000
   0.0000000000
  -0.0000000000
   0.0000000000
  -0.0000000000
   0.0000000000
  -0.0000000000
   0.0000000000
  -0.0000000000
   0.0000000000
  -0.0000000000
   0.0000000000
  -0.0000000000
   0.0000000000
  -0.0000000000
   0.0000000000
  -0.0000000000
   0.0000000000
  -0.0000000000
   0.0000000000
  -0.0000000000
   0.0000000000
  -0.0000000000
   0.0000000000
  -0.0000000000
   0.0000000000
  -0.0000000000
   0.0000000000
  -0.0000000000
   0.0000000000
  -0.0000000000
   0.0000000000
  -0.0000000000
   0.0000000000
  -0.0000000000
   0.0000000000
  -0.0000000000
   0.0000000000
  -0.0000000000
   0.0000000000
  -0.0000000000
   0.0000000000
  -0.0000000000
   0.0000000000
  -0.0000000000
   0.0000000000
  -0.0000000000
   0.0000000000
  -0.0000000000
   0.0000000000
  -0.0000000000
   0.0000000000
  -0.0000000000
   0.0000000000
  -0.0000000000
   0.0000000000
  -0.0000000000
   0.0000000000
  -0.0000000000
   0.0000000000
  -0.0000000000
   0.0000000000
  -0.0000000000
   0.0000000000
  -0.0000000000
   0.0000000000
  -0.0000000000
   0.0000000000
  -0.0000000000
   0.0000000000
  -0.0000000000
   0.0000000000
  -0.0000000000
   0.0000000000
  -0.0000000000
   0.0000000000
  -0.0000000000
   0.0000000000
  -0.0000000000
   0.0000000000
  -0.0000000000
   0.0000000000
  -0.0000000000
   0.0000000000
  -0.0000000000
   0.0000000000
  -0.0000000000
   0.0000000000
  -0.0000000000
   0.0000000000
  -0.0000000000
   0.0000000000
  -0.0000000000
   0.0000000000
  -0.0000000000
   0.0000000000
  -0.0000000000
   0.0000000000
  -0.0000000000
   0.0000000000
   0.0000000000
   0.0000000000
   0.0000000000
   0.0000000000
   0.0000000000
   0.0000000000
   0.0000000000
   0.0000000000
   0.0000000000
   0.0000000000
   0.0000000000
   0.0000000000
   0.0000000000
   0.0000000000
   0.0000000000
   0.0000000000
   0.0000000000
   0.0000000000
   0.0000000000
   0.0000000000
   0.0000000000
   0.0000000000
   0.0000000000
   0.0000000000
   0.0000000000
   0.0000000000
   0.0000000000
   0.0000000000
   0.0000000000
   0.0000000000
   0.0000000000
   0.0000000000
   0.0000000000
   0.0000000000
   0.0000000000
   0.0000000000
   0.0000000000
   0.0000000000
   0.0000000000
   0.0000000000
   0.0000000000
   0.0000000000
   0.0000000000
   0.0000000000
   0.0000000000
   0.0000000000
   0.0000000000
   0.0000000000
   0.0000000000
   0.0000000000
   0.0000000000
   0.0000000000
   0.0000000000
   0.0000000000
   0.0000000000
   0.0000000000
   0.0000000000
   0.0000000000
   0.0000000000
   0.0000000000
   0.0000000000
   0.0000000000
   0.0000000000
   0.0000000000
   0.0000000000
   0.0000000000
   0.0000000000
   0.0000000000
   0.0000000000
   0.0000000000
   0.0000000000
   0.0000000000
   0.0000000000
   0.0000000000
   0.0000000000
   0.0000000000
   0.0000000000
   0.0000000000
   0.0000000000
   0.0000000000
   0.0000000000
   0.0000000000
   0.0000000000
   0.0000000000
   0.0000000000
   0.0000000000
   0.0000000000
   0.0000000000
   0.0000000000
   0.0000000000
   0.0000000000
   0.0000000000
   0.0000000000
   0.0000000000
   0.0000000000
   0.0000000000
   0.0000000000
   0.0000000000
   0.0000000000
   0.0000000000
   0.0000000000
   0.0000000000
   0.0000000000
   0.0000000000
   0.0000000000
   0.0000000000
   0.0000000000
   0.0000000000
   0.0000000000
   0.0000000000
   0.0000000000
   0.0000000000
   0.0000000000
   0.0000000000
   0.0000000000
   0.0000000000
   0.0000000000
   0.0000000000
   0.0000000000
   0.0000000000
   0.0000000000
   0.0000000000
   0.0000000000
   0.0000000000
   0.0000000000
   0.0000000000
   0.0000000000
   0.0000000000
   0.0000000000
   0.0000000000
   0.0000000000
   0.0000000000
   0.0000000000
   0.0000000000
   0.0000000000
   0.0000000000
   0.0000000000
   0.0000000000
   0.0000000000
   0.0000000000
   0.0000000000
   0.0000000000
   0.0000000000
   0.0000000000
   0.0000000000
   0.0000000000
   0.0000000000
   0.0000000000
   0.0000000000
