  -0.0622987768
  -0.1860823884
  -0.3058922690
  -0.4218624876
  -0.5299477226
  -0.6312058638
  -0.7209402304
  -0.8012931594
  -0.8670795393
  -0.9216028441
  -0.9593048506
  -0.9846836041
  -0.9918969521
  -0.9866362993
  -0.9628403828
  -0.9273581896
  -0.8739488821
  -0.8105488278
  -0.7307520670
  -0.6434794749
  -0.5421512368
  -0.4365407078
  -0.3198658430
  -0.2025964052
  -0.0777050608
   0.0438157208
   0.1692902587
   0.2873873620
   0.4057819389
   0.5129905030
   0.6170870873
   0.7066168965
   0.7900897992
   0.8562477834
   0.9140553449
   0.9525998605
   0.9812962987
   0.9897011960
   0.9876492731
   0.9652613642
   0.9327326949
   0.8808128591
   0.8199696614
   0.7416150568
   0.6563745122
   0.5563267420
   0.4521164222
   0.3364675903
   0.2198871689
   0.0957020956
  -0.0258876181
  -0.1510095450
  -0.2699447069
  -0.3883408275
  -0.4971313280
  -0.6015508803
  -0.6933461635
  -0.7773998227
  -0.8464148249
  -0.9049707036
  -0.9468454632
  -0.9763469961
  -0.9884176125
  -0.9871036038
  -0.9685677358
  -0.9365809297
  -0.8885475744
  -0.8279250325
  -0.7533455183
  -0.6678914301
  -0.5713759341
  -0.4664247883
  -0.3539557964
  -0.2360406448
  -0.1146011736
   0.0089523872
   0.1318126995
   0.2533415983
   0.3699755710
   0.4819551117
   0.5850931290
   0.6806040642
   0.7638057032
   0.8369635290
   0.8950176635
   0.9413374852
   0.9705860261
   0.9872603529
   0.9858255339
   0.9718977730
   0.9397988850
   0.8962217870
   0.8353741323
   0.7649495896
   0.6790457415
   0.5862497080
   0.4805304745
   0.3712339113
   0.2521632436
   0.1332664485
   0.0081305021
  -0.1128664416
  -0.2364111834
  -0.3518751434
  -0.4662766141
  -0.5689163298
  -0.6671950099
  -0.7505146953
  -0.8266960637
  -0.8853995216
  -0.9348839846
  -0.9652041385
  -0.9850514838
  -0.9849848739
  -0.9740956087
  -0.9435273044
  -0.9027096449
  -0.8434208331
  -0.7753392176
  -0.6908970180
  -0.5999053729
  -0.4954417410
  -0.3873118870
  -0.2692053573
  -0.1507674507
  -0.0262474995
   0.0950351354
   0.2183365236
   0.3348317475
   0.4493534552
   0.5537350002
   0.6524556932
   0.7381586960
   0.8150321655
   0.8766612582
   0.9269911630
   0.9606557836
   0.9813865373
   0.9849426498
   0.9748484090
   0.9480316388
   0.9077916814
   0.8522336203
   0.7843894601
   0.7035161528
   0.6123130808
   0.5111320219
   0.4022549440
   0.2870438381
   0.1672638370
   0.0451804724
  -0.0780659351
  -0.1994284522
  -0.3185012188
  -0.4315862369
  -0.5391161545
  -0.6368729479
  -0.7262190233
  -0.8025408067
  -0.8682022420
  -0.9183055309
  -0.9562627381
  -0.9769845042
  -0.9849479925
  -0.9749421783
  -0.9524938820
  -0.9123150867
  -0.8609333844
  -0.7930025467
  -0.7159694474
  -0.6244236788
  -0.5266199701
  -0.4170558861
  -0.3046569963
  -0.1837835036
  -0.0638749927
   0.0609028871
   0.1807663054
   0.3018067212
   0.4140712219
   0.5239693589
   0.6215519087
   0.7135990082
   0.7903279423
   0.8589269783
   0.9099258888
   0.9509381012
   0.9729292045
   0.9839299893
   0.9754381440
   0.9558664345
   0.9173111567
   0.8685030489
   0.8021728289
   0.7272773931
   0.6371879306
   0.5409704711
   0.4326156527
   0.3211606622
   0.2011717658
   0.0815040516
  -0.0427616421
  -0.1631141084
  -0.2840297382
  -0.3975040816
  -0.5076463088
  -0.6071150301
  -0.6997244440
  -0.7789385068
  -0.8483387432
  -0.9023159542
  -0.9442655141
  -0.9696000855
  -0.9815550199
  -0.9766291049
  -0.9579002764
  -0.9229843592
  -0.8747795386
  -0.8120154674
  -0.7373636797
  -0.6506314219
  -0.5541942663
  -0.4488706852
  -0.3366523736
  -0.2192770316
  -0.0982511765
   0.0238800603
   0.1462037122
   0.2654920122
   0.3815339815
   0.4905496640
   0.5931313011
   0.6850754049
   0.7678643937
   0.8369910334
   0.8948941731
   0.9368674607
   0.9663463488
   0.9785097259
   0.9777997565
   0.9593410272
   0.9285601289
   0.8805619657
   0.8217023536
   0.7470751598
   0.6638786449
   0.5671799675
   0.4649045963
   0.3520563241
   0.2371488702
   0.1150697995
  -0.0052355282
  -0.1290589271
  -0.2471906161
  -0.3651685662
  -0.4736888018
  -0.5785988775
  -0.6706661534
  -0.7561010053
  -0.8258956096
  -0.8866599591
  -0.9297459155
  -0.9621781827
  -0.9757791775
  -0.9779777889
  -0.9611499619
  -0.9330903106
  -0.8867811973
  -0.8303160216
  -0.7573060054
  -0.6760491939
  -0.5807791272
  -0.4798801962
  -0.3681759156
  -0.2539991952
  -0.1327100573
  -0.0124385354
   0.1109875620
   0.2297991150
   0.3477778254
   0.4576726813
   0.5629537126
   0.6570367742
   0.7431535848
   0.8155199457
   0.8771907130
   0.9232925788
   0.9567475527
   0.9736767461
   0.9768916775
   0.9635602003
   0.9363813699
   0.8935888290
   0.8377419385
   0.7681256722
   0.6871080723
   0.5949790995
   0.4938420762
   0.3849170805
   0.2699517443
   0.1509977626
   0.0293440708
  -0.0922420299
  -0.2130388210
  -0.3296899463
  -0.4421478404
  -0.5465967980
  -0.6437615275
  -0.7294924842
  -0.8053690439
  -0.8670222740
  -0.9169467306
  -0.9506515290
  -0.9715800309
  -0.9751951282
  -0.9658921876
  -0.9391387566
  -0.9002531376
  -0.8447321490
  -0.7787556761
  -0.6978485507
  -0.6089604265
  -0.5076191749
  -0.4014255037
  -0.2858654078
  -0.1690501307
  -0.0463640697
   0.0737269874
   0.1960086006
   0.3118247154
   0.4262010506
   0.5304562329
   0.6299212014
   0.7160472901
   0.7945238618
   0.8570789499
   0.9097956684
   0.9448024968
   0.9685888273
   0.9737821424
   0.9672643334
   0.9422318621
   0.9059171835
   0.8521254908
   0.7883696472
   0.7090732910
   0.6219330643
   0.5219727100
   0.4169530135
   0.3024550685
   0.1861661485
   0.0641625871
  -0.0560913147
  -0.1780993118
  -0.2947742695
  -0.4092817524
  -0.5150632143
  -0.6150270689
  -0.7032845256
  -0.7825603354
  -0.8477593610
  -0.9014824019
  -0.9395284872
  -0.9644152119
  -0.9729080470
  -0.9674593534
  -0.9458417885
  -0.9104354737
  -0.8600279270
  -0.7968946111
  -0.7208128118
  -0.6338968534
  -0.5368580546
  -0.4315721230
  -0.3196018420
  -0.2024904116
  -0.0825479336
   0.0391193808
   0.1595734602
   0.2782534563
   0.3917207786
   0.5000650557
   0.5994753420
   0.6907864353
   0.7699366901
   0.8385836256
   0.8925234313
   0.9342909068
   0.9596298897
   0.9719794120
   0.9670978011
   0.9493245845
   0.9144738046
   0.8677497134
   0.8050367878
   0.7323366841
   0.6455934384
   0.5515095381
   0.4460547494
   0.3365105464
   0.2188198304
   0.1007013785
  -0.0219946670
  -0.1412671904
  -0.2614316191
  -0.3743654444
  -0.4846225007
  -0.5841182175
  -0.6777107487
  -0.7575037351
  -0.8287120743
  -0.8837619896
  -0.9282583088
  -0.9550624702
  -0.9701786160
  -0.9669898078
  -0.9518820095
  -0.9188172164
  -0.8745174651
  -0.8135507971
  -0.7429017350
  -0.6577420045
  -0.5652193973
  -0.4610799730
  -0.3525138211
  -0.2357890723
  -0.1180007056
   0.0041308517
   0.1237531340
   0.2437743314
   0.3577347047
   0.4682561807
   0.5694172783
   0.6636359325
   0.7456624259
   0.8177834006
   0.8755356296
   0.9211316241
   0.9509848403
   0.9672704576
   0.9673398704
   0.9533439809
   0.9236016481
   0.8802270896
   0.8225034173
   0.7524703500
   0.6703401319
   0.5780165933
   0.4765766944
   0.3677069035
   0.2532594154
   0.1346067219
   0.0142672919
  -0.1068060365
  -0.2255503647
  -0.3415404058
  -0.4512963655
  -0.5550234527
  -0.6489508482
  -0.7340051913
  -0.8062417875
  -0.8673811358
  -0.9134067628
  -0.9468814267
  -0.9637986992
  -0.9675837633
  -0.9542979964
  -0.9282183276
  -0.8855054962
  -0.8312458076
  -0.7617043518
  -0.6827037284
  -0.5905932192
  -0.4918306835
  -0.3828073924
  -0.2704918550
  -0.1512576673
  -0.0324415431
   0.0896719643
   0.2075314581
   0.3250179337
   0.4345225374
   0.5401665102
   0.6344369283
   0.7217612836
   0.7948648666
   0.8585323609
   0.9058519062
   0.9419957993
   0.9605165756
   0.9669798672
   0.9554770512
   0.9319454885
   0.8910603927
   0.8390810168
   0.7712813944
   0.6941655026
   0.6035924176
   0.5062089986
   0.3984197926
