  -0.0722790906
  -0.1959159933
  -0.3153331127
  -0.4309132555
  -0.5382902112
  -0.6389323221
  -0.7276616799
  -0.8072279542
  -0.8717538177
  -0.9253907676
  -0.9616312823
  -0.9861047001
  -0.9917189164
  -0.9856197286
  -0.9601547161
  -0.9239867189
  -0.8689057457
  -0.8050537432
  -0.7236453245
  -0.6362262472
  -0.5333999546
  -0.4280063047
  -0.3099880743
  -0.1933396617
  -0.0672855497
   0.0531888314
   0.1796364389
   0.2962614000
   0.4154475495
   0.5207788382
   0.6255103180
   0.7127982147
   0.7967889555
   0.8603985606
   0.9186584786
   0.9544207936
   0.9835639442
   0.9890359548
   0.9874888852
   0.9621065090
   0.9302038983
   0.8753183143
   0.8152799955
   0.7340751182
   0.6498659456
   0.5471621828
   0.4442434831
   0.3261999817
   0.2111880604
   0.0849219397
  -0.0348251160
  -0.1616788911
  -0.2785204234
  -0.3982811972
  -0.5047706585
  -0.6101869547
  -0.6995364374
  -0.7842340686
  -0.8507378200
  -0.9096134321
  -0.9490040459
  -0.9785396871
  -0.9882548489
  -0.9867340634
  -0.9660772844
  -0.9336893523
  -0.8838747162
  -0.8227006104
  -0.7467787595
  -0.6606597367
  -0.5633297016
  -0.4576267354
  -0.3449452993
  -0.2262043373
  -0.1052109888
   0.0192451370
   0.1409643728
   0.2634920039
   0.3782747737
   0.4913850998
   0.5919677786
   0.6887925685
   0.7687606790
   0.8434791283
   0.8976651724
   0.9458653549
   0.9706693780
   0.9896218529
   0.9832348643
   0.9720614556
   0.9345778639
   0.8943051418
   0.8277172572
   0.7612114174
   0.6692863979
   0.5810736017
   0.4691205176
   0.3651038696
   0.2396453807
   0.1267361420
  -0.0048947999
  -0.1192088440
  -0.2493222055
  -0.3574444002
  -0.4784680357
  -0.5731674808
  -0.6781143669
  -0.7529780249
  -0.8358767518
  -0.8857109590
  -0.9419727663
  -0.9631292108
  -0.9898288008
  -0.9804347239
  -0.9764874514
  -0.9365657793
  -0.9027902559
  -0.8342622054
  -0.7733244806
  -0.6798944764
  -0.5961373129
  -0.4830673654
  -0.3822352667
  -0.2560228132
  -0.1448999335
  -0.0128791414
   0.1011373814
   0.2312461104
   0.3406108509
   0.4611752224
   0.5586682884
   0.6626128818
   0.7417933897
   0.8230337798
   0.8786447861
   0.9324601117
   0.9607598199
   0.9840807210
   0.9830793661
   0.9746734731
   0.9442611465
   0.9048046718
   0.8467621273
   0.7787931868
   0.6966849331
   0.6044415700
   0.5033978689
   0.3925509123
   0.2789521980
   0.1562496173
   0.0373329106
  -0.0898221838
  -0.2064104521
  -0.3304218934
  -0.4370989104
  -0.5506508998
  -0.6403670100
  -0.7368794345
  -0.8035550712
  -0.8775924080
  -0.9164953256
  -0.9641037129
  -0.9721431398
  -0.9910946676
  -0.9670141587
  -0.9569432021
  -0.9014002631
  -0.8638233928
  -0.7793509760
  -0.7175692192
  -0.6084215236
  -0.5273110568
  -0.3992032450
  -0.3049075368
  -0.1646655591
  -0.0642081025
   0.0806496055
   0.1798078993
   0.3215308632
   0.4119620980
   0.5430418038
   0.6178201190
   0.7314481498
   0.7845881775
   0.8750700665
   0.9019075691
   0.9650067154
   0.9624977401
   0.9956880871
   0.9626080307
   0.9652198845
   0.9022500749
   0.8755000906
   0.7851964723
   0.7321000340
   0.6187458618
   0.5439173954
   0.4132690356
   0.3226227579
   0.1815643265
   0.0819341213
  -0.0619376595
  -0.1632355251
  -0.3020705478
  -0.3977046020
  -0.5238742412
  -0.6069657612
  -0.7135239973
  -0.7780865734
  -0.8591888442
  -0.9005121527
  -0.9517660420
  -0.9667198964
  -0.9854460093
  -0.9726857095
  -0.9580726685
  -0.9181328037
  -0.8712768795
  -0.8065476657
  -0.7303747249
  -0.6449622582
  -0.5440370162
  -0.4435160300
  -0.3237505958
  -0.2148249872
  -0.0831049332
   0.0268029493
   0.1630516426
   0.2662575335
   0.3995336487
   0.4885654624
   0.6117608376
   0.6798209753
   0.7866627446
   0.8280499917
   0.9134892318
   0.9239541333
   0.9844767181
   0.9614884473
   0.9953287576
   0.9382369840
   0.9454811688
   0.8555629448
   0.8381353048
   0.7185241207
   0.6800574550
   0.5355589167
   0.4811568961
   0.3179625066
   0.2538688538
   0.0791856882
   0.0123807433
  -0.1659999859
  -0.2282502132
  -0.4024189341
  -0.4530331638
  -0.6154331868
  -0.6479754398
  -0.7918504685
  -0.8009521281
  -0.9207423429
  -0.9024594074
  -0.9941216415
  -0.9462048802
  -1.0074371471
  -0.9294982699
  -0.9598548588
  -0.8534182528
  -0.8543084302
  -0.7227451097
  -0.6973157054
  -0.5456634199
  -0.4985728097
  -0.3332533085
  -0.2703510569
  -0.0988018782
  -0.0267341800
   0.1430223773
   0.2172567042
   0.3770808850
   0.4465960235
   0.5887054197
   0.6471866175
   0.7646092446
   0.8067346057
   0.8937123898
   0.9155119350
   0.9678298420
   0.9669592736
   0.9821799380
   0.9580918436
   0.9356814331
   0.8896830340
   0.8310208411
   0.7662144409
   0.6744859161
   0.5955954906
   0.4755756656
   0.3886701137
   0.2464111615
   0.1585411572
   0.0009837774
  -0.0802454634
  -0.2457124299
  -0.3126061683
  -0.4786102980
  -0.5238584183
  -0.6835033581
  -0.7006344078
  -0.8479258780
  -0.8317129998
  -0.9619245169
  -0.9087182432
  -1.0186737083
  -0.9266411100
  -1.0148966035
  -0.8841520775
  -0.9510654931
  -0.7836851735
  -0.8313693232
  -0.6312883008
  -0.6634503953
  -0.4362491700
  -0.4579266694
  -0.2105201028
  -0.2277294034
   0.0320225473
   0.0127026761
   0.2764383489
   0.2483225761
   0.5076487096
   0.4644117282
   0.7113712615
   0.6474959689
   0.8750047068
   0.7861839077
   0.9884092061
   0.8718756160
   1.0445338884
   0.8992976315
   1.0398525712
   0.8668310728
   0.9745806929
   0.7766125134
   0.8526600555
   0.6344013803
   0.6815123963
   0.4492221473
   0.4715771620
   0.2328035741
   0.2356622565
  -0.0011501539
  -0.0118518613
  -0.2378111002
  -0.2559052542
  -0.4621491607
  -0.4816932630
  -0.6598663200
  -0.6755848709
  -0.8182855688
  -0.8259676399
  -0.9271392947
  -0.9239667575
  -0.9792082155
  -0.9639935623
  -0.9707712094
  -0.9440895220
  -0.9018381508
  -0.8660443499
  -0.7761513362
  -0.7352809779
  -0.6009554590
  -0.5605145907
  -0.3865504591
  -0.3532069552
  -0.1456550542
  -0.1268499933
   0.1073794942
   0.1038768565
   0.3574565389
   0.3240231112
   0.5896670338
   0.5193005931
   0.7902104227
   0.6769756663
   0.9472462730
   0.7866649289
   1.0516238107
   0.8409849356
   1.0974441148
   0.8360156000
   1.0824201294
   0.7715485011
   1.0080122222
   0.6511046808
   0.8793309630
   0.4817208365
   0.7048132555
   0.2735171915
   0.4956920328
   0.0390738828
   0.2652925440
  -0.2073454143
   0.0281990216
  -0.4506744253
  -0.2006564374
  -0.6759750987
  -0.4069261274
  -0.8693605477
  -0.5777421735
  -1.0188528476
  -0.7025195023
  -1.1151224846
  -0.7736164475
  -1.1520636134
  -0.7868119454
  -1.1271694851
  -0.7415696769
  -1.0416848253
  -0.6410727523
  -0.9005257953
  -0.4920267898
  -0.7119726042
  -0.3042436257
  -0.4871539533
  -0.0900315170
  -0.2393554158
   0.1365702857
   0.0168052249
   0.3606650596
   0.2662844040
   0.5674259813
   0.4945446364
   0.7430197669
   0.6884539147
   0.8754692404
   0.8370967817
   0.9554012874
   0.9324467185
   0.9766337764
   0.9698581223
   0.9365650329
   0.9483473644
   0.8363417160
   0.8706455331
   0.6807947059
   0.7430196561
   0.4781470132
   0.5748735838
   0.2395118705
   0.3781534005
  -0.0217878157
   0.1665943767
  -0.2910363944
  -0.0451436887
  -0.5530280713
  -0.2423989563
  -0.7929991708
  -0.4114304970
  -0.9975322247
  -0.5402843182
  -1.1553758258
  -0.6195486128
  -1.2581294336
  -0.6429512692
  -1.3007507248
  -0.6077624749
  -1.2818541192
  -0.5149773556
  -1.2037820900
  -0.3692672504
  -1.0724449918
  -0.1787025890
  -0.8969395166
   0.0457354839
  -0.6889696424
   0.2908244809
  -0.4621061980
   0.5419094547
  -0.2309311897
   0.7838012511
  -0.0101201795
   1.0017084582
   0.1864801579
   1.1821452943
   0.3467218832
   1.3137591854
   0.4609189147
   1.3880267830
   0.5224559290
   1.3997753490
   0.5282051430
   1.3474972878
   0.4787250168
   1.2334384532
   0.3782284775
   1.0634549048
   0.2343225816
   0.8466471630
   0.0575357392
