  -0.0396647216
  -0.1175687003
  -0.1947722341
  -0.2707748303
  -0.3451009924
  -0.4173064822
  -0.4869435364
  -0.5535923110
  -0.6168389870
  -0.6763001658
  -0.7316072547
  -0.7824240095
  -0.8284360324
  -0.8693630889
  -0.9049523470
  -0.9349868346
  -0.9592811815
  -0.9776872642
  -0.9900914937
  -0.9964184111
  -0.9966288360
  -0.9907219488
  -0.9787338317
  -0.9607384060
  -0.9368460609
  -0.9072036989
  -0.8719932632
  -0.8314310689
  -0.7857661220
  -0.7352788672
  -0.6802792490
  -0.6211049783
  -0.5581193265
  -0.4917089985
  -0.4222816782
  -0.3502635883
  -0.2760968250
  -0.2002366821
  -0.1231488264
  -0.0453064620
   0.0328125916
   0.1107288197
   0.1879639655
   0.2640439582
   0.3385018285
   0.4108805707
   0.4807359507
   0.5476392301
   0.6111797998
   0.6709676982
   0.7266360058
   0.7778430959
   0.8242747323
   0.8656459965
   0.9017030368
   0.9322246255
   0.9570235166
   0.9759475941
   0.9888808055
   0.9957438732
   0.9964947805
   0.9911290291
   0.9796796656
   0.9622170783
   0.9388485642
   0.9097176702
   0.8750033107
   0.8349186692
   0.7897098890
   0.7396545618
   0.6850600229
   0.6262614647
   0.5636198784
   0.4975198377
   0.4283671379
   0.3565863048
   0.2826179883
   0.2069162575
   0.1299458130
   0.0521791350
