  -0.0098158207
  -0.0294428465
  -0.0490567976
  -0.0686521667
  -0.0882202267
  -0.1077548203
  -0.1272473316
  -0.1466912385
  -0.1660782239
  -0.1854015158
  -0.2046530862
  -0.2238259964
  -0.2429124623
  -0.2619054500
  -0.2807973775
  -0.2995811757
  -0.3182494342
  -0.3367950952
  -0.3552109011
  -0.3734898421
  -0.3916248033
  -0.4096088509
  -0.4274350095
  -0.4450964436
  -0.4625863187
  -0.4798979158
  -0.4970245457
  -0.5139596210
  -0.5306966042
  -0.5472290529
  -0.5635505890
  -0.5796549269
  -0.5955358558
  -0.6111872583
  -0.6266030997
  -0.6417774403
  -0.6567044305
  -0.6713783183
  -0.6857934473
  -0.6999442625
  -0.7138253095
  -0.7274312388
  -0.7407568061
  -0.7537968760
  -0.7665464225
  -0.7790005319
  -0.7911544041
  -0.8030033550
  -0.8145428179
  -0.8257683453
  -0.8366756108
  -0.8472604106
  -0.8575186653
  -0.8674464212
  -0.8770398521
  -0.8862952605
  -0.8952090793
  -0.9037778732
  -0.9119983395
  -0.9198673100
  -0.9273817520
  -0.9345387694
  -0.9413356037
  -0.9477696354
  -0.9538383848
  -0.9595395129
  -0.9648708225
  -0.9698302588
  -0.9744159105
  -0.9786260103
  -0.9824589354
  -0.9859132087
  -0.9889874989
  -0.9916806212
  -0.9939915376
  -0.9959193575
  -0.9974633379
  -0.9986228837
  -0.9993975482
  -0.9997870327
  -0.9997911872
  -0.9994100102
  -0.9986436484
  -0.9974923974
  -0.9959567009
  -0.9940371507
  -0.9917344868
  -0.9890495965
  -0.9859835148
  -0.9825374234
  -0.9787126505
  -0.9745106701
  -0.9699331019
  -0.9649817100
  -0.9596584029
  -0.9539652323
  -0.9479043923
  -0.9414782190
  -0.9346891891
  -0.9275399192
  -0.9200331647
  -0.9121718188
  -0.9039589115
  -0.8953976081
  -0.8864912082
  -0.8772431446
  -0.8676569815
  -0.8577364137
  -0.8474852646
  -0.8369074852
  -0.8260071522
  -0.8147884670
  -0.8032557532
  -0.7914134558
  -0.7792661390
  -0.7668184844
  -0.7540752896
  -0.7410414660
  -0.7277220371
  -0.7141221362
  -0.7002470050
  -0.6861019912
  -0.6716925464
  -0.6570242242
  -0.6421026780
  -0.6269336587
  -0.6115230127
  -0.5958766795
  -0.5800006893
  -0.5639011610
  -0.5475842996
  -0.5310563937
  -0.5143238134
  -0.4973930078
  -0.4802705021
  -0.4629628956
  -0.4454768588
  -0.4278191311
  -0.4099965181
  -0.3920158887
  -0.3738841729
  -0.3556083590
  -0.3371954906
  -0.3186526644
  -0.2999870269
  -0.2812057721
  -0.2623161385
  -0.2433254066
  -0.2242408954
  -0.2050699604
  -0.1858199904
  -0.1664984045
  -0.1471126495
  -0.1276701969
  -0.1081785401
  -0.0886451913
  -0.0690776790
  -0.0494835448
  -0.0298703404
  -0.0102456250
   0.0093830377
   0.0290080827
   0.0486219462
   0.0682170689
   0.0877858984
   0.1073208928
   0.1268145230
   0.1462592760
   0.1656476575
   0.1849721950
   0.2042254405
   0.2233999738
   0.2424884046
   0.2614833761
   0.2803775673
   0.2991636964
   0.3178345227
   0.3363828505
   0.3548015309
   0.3730834652
   0.3912216073
   0.4092089665
   0.4270386104
   0.4447036672
   0.4621973286
   0.4795128522
   0.4966435646
   0.5135828633
   0.5303242198
   0.5468611817
   0.5631873755
   0.5792965089
   0.5951823733
   0.6108388461
   0.6262598931
   0.6414395709
   0.6563720290
   0.6710515123
   0.6854723632
   0.6996290238
   0.7135160379
   0.7271280532
   0.7404598237
   0.7535062110
   0.7662621871
   0.7787228355
   0.7908833538
   0.8027390552
   0.8142853705
   0.8255178496
   0.8364321632
   0.8470241051
   0.8572895928
   0.8672246701
   0.8768255078
   0.8860884057
   0.8950097937
   0.9035862335
   0.9118144196
   0.9196911809
   0.9272134815
   0.9343784223
   0.9411832419
   0.9476253176
   0.9537021666
   0.9594114468
   0.9647509578
   0.9697186418
   0.9743125842
   0.9785310144
   0.9823723066
   0.9858349804
   0.9889177013
   0.9916192811
   0.9939386787
   0.9958750001
   0.9974274991
   0.9985955775
   0.9993787849
   0.9997768197
   0.9997895283
   0.9994169061
   0.9986590964
   0.9975163916
   0.9959892320
   0.9940782062
   0.9917840508
   0.9891076501
   0.9860500355
   0.9826123855
   0.9787960251
   0.9746024251
   0.9700332020
   0.9650901166
   0.9597750742
   0.9540901233
   0.9480374549
   0.9416194019
   0.9348384379
   0.9276971763
   0.9201983696
   0.9123449078
   0.9041398179
   0.8955862621
   0.8866875372
   0.8774470729
   0.8678684305
   0.8579553018
   0.8477115076
   0.8371409958
   0.8262478405
   0.8150362401
   0.8035105157
   0.7916751094
   0.7795345829
   0.7670936152
   0.7543570013
   0.7413296500
   0.7280165822
   0.7144229290
   0.7005539295
   0.6864149291
   0.6720113771
   0.6573488249
   0.6424329235
   0.6272694218
   0.6118641640
   0.5962230874
   0.5803522204
   0.5642576798
   0.5479456686
   0.5314224737
   0.5146944634
   0.4977680848
   0.4806498616
   0.4633463913
   0.4458643430
   0.4282104545
   0.4103915297
   0.3924144364
   0.3742861031
   0.3560135168
   0.3376037198
   0.3190638076
   0.3004009257
   0.2816222670
   0.2627350690
   0.2437466111
   0.2246642117
   0.2054952254
   0.1862470401
   0.1669270743
   0.1475427742
   0.1281016107
   0.1086110767
   0.0890786841
   0.0695119609
   0.0499184484
   0.0303056981
   0.0106812690
