  -0.0625850149
  -0.1862278463
  -0.3067003768
  -0.4222653806
  -0.5311829112
  -0.6317800005
  -0.7224979706
  -0.8019261311
  -0.8688276675
  -0.9221604705
  -0.9610939738
  -0.9850223187
  -0.9935738661
  -0.9866170003
  -0.9642621656
  -0.9268601173
  -0.8749964198
  -0.8094822799
  -0.7313418587
  -0.6417962613
  -0.5422444547
  -0.4342414119
  -0.3194738233
  -0.1997337561
  -0.0768906713
   0.0471377636
   0.1704156102
   0.2910188776
   0.4070655495
   0.5167449532
   0.6183460115
   0.7102839368
   0.7911249504
   0.8596086428
   0.9146676249
   0.9554441639
   0.9813035458
   0.9918439552
   0.9869027180
   0.9665588126
   0.9311316077
   0.8811758489
   0.8174729724
   0.7410188812
   0.6530083756
   0.5548164817
   0.4479769683
   0.3341583894
   0.2151380260
   0.0927741337
  -0.0310230700
  -0.1543212262
  -0.2751959967
  -0.3917610976
  -0.5021977350
  -0.6047829846
  -0.6979166705
  -0.7801463256
  -0.8501898438
  -0.9069554701
  -0.9495588175
  -0.9773366453
  -0.9898571845
  -0.9869268485
  -0.9685932265
  -0.9351443113
  -0.8871039758
  -0.8252237684
  -0.7504711551
  -0.6640143942
  -0.5672042774
  -0.4615530247
  -0.3487106604
  -0.2304392400
  -0.1085853280
   0.0149488480
   0.1382351195
   0.2593495241
   0.3764024221
   0.4875681400
   0.5911137223
   0.6854264102
   0.7690395194
   0.8406564595
   0.8991727230
   0.9436957706
   0.9735628446
   0.9883568358
   0.9879203957
   0.9723684880
   0.9420994829
   0.8978046588
   0.8404755712
   0.7714081406
   0.6922015338
   0.6047490194
   0.5112171264
   0.4140088186
   0.3157063117
   0.2189898947
   0.1265309517
   0.0408604461
  -0.0357816460
  -0.1016054708
  -0.1554234895
  -0.1967761872
  -0.2260099444
  -0.2442872370
  -0.2535149427
  -0.2561862509
  -0.2551445871
  -0.2532921542
  -0.2532784413
  -0.2572123315
  -0.2664426222
  -0.2814443484
  -0.3018325840
  -0.3265036896
  -0.3538804110
  -0.3822169071
  -0.4099075949
  -0.4357430112
  -0.4590674748
  -0.4798149281
  -0.4984260184
  -0.5156748431
  -0.5324516191
  -0.5495535539
  -0.5675292758
  -0.5866046564
  -0.6066948953
  -0.6274857280
  -0.6485513352
  -0.6694714575
  -0.6899156465
  -0.7096757782
  -0.7286442263
  -0.7467494183
  -0.7638691469
  -0.7797435404
  -0.7939050831
  -0.8056353714
  -0.8139508606
  -0.8176154344
  -0.8151773419
  -0.8050311230
  -0.7855093403
  -0.7550114045
  -0.7121751008
  -0.6560894002
  -0.5865353058
  -0.5042270009
  -0.4110119205
  -0.3099796040
  -0.2054291406
  -0.1026564177
  -0.0075459664
   0.0740139067
   0.1368346699
   0.1771545202
   0.1932674537
   0.1859273011
   0.1584200289
   0.1162454476
   0.0664189916
   0.0164828911
  -0.0266136250
  -0.0575619873
  -0.0734646181
  -0.0741678251
  -0.0620832740
  -0.0415334133
  -0.0177627879
   0.0041665616
   0.0203527126
   0.0286966376
   0.0290890529
   0.0231358707
   0.0135298981
   0.0032562727
  -0.0051551778
  -0.0101505505
  -0.0113444827
  -0.0093831629
  -0.0055654341
  -0.0013637910
   0.0020063299
   0.0038580062
   0.0040987224
   0.0031127671
   0.0015325944
  -0.0000090322
  -0.0010670433
  -0.0014683672
  -0.0012908810
  -0.0007693242
  -0.0001765629
   0.0002749530
   0.0004844676
   0.0004625995
   0.0002937617
   0.0000846541
  -0.0000793609
  -0.0001570472
  -0.0001514140
  -0.0000940232
  -0.0000240668
   0.0000284803
   0.0000507078
   0.0000456126
   0.0000253514
   0.0000033504
  -0.0000113004
  -0.0000157761
  -0.0000122997
  -0.0000053737
   0.0000008757
   0.0000042114
   0.0000044621
   0.0000027847
   0.0000006641
  -0.0000008349
  -0.0000013448
  -0.0000010676
  -0.0000004560
   0.0000000845
   0.0000003511
   0.0000003470
   0.0000001925
   0.0000000223
  -0.0000000811
  -0.0000001012
  -0.0000000665
  -0.0000000176
   0.0000000167
   0.0000000274
   0.0000000204
   0.0000000072
  -0.0000000031
  -0.0000000070
  -0.0000000057
  -0.0000000023
   0.0000000005
   0.0000000018
   0.0000000015
   0.0000000007
  -0.0000000001
  -0.0000000004
  -0.0000000004
  -0.0000000002
   0.0000000000
   0.0000000001
   0.0000000001
   0.0000000000
  -0.0000000000
  -0.0000000000
  -0.0000000000
  -0.0000000000
   0.0000000000
   0.0000000000
   0.0000000000
   0.0000000000
  -0.0000000000
  -0.0000000000
  -0.0000000000
  -0.0000000000
   0.0000000000
   0.0000000000
   0.0000000000
   0.0000000000
  -0.0000000000
  -0.0000000000
  -0.0000000000
  -0.0000000000
   0.0000000000
   0.0000000000
   0.0000000000
  -0.0000000000
  -0.0000000000
  -0.0000000000
  -0.0000000000
   0.0000000000
   0.0000000000
   0.0000000000
   0.0000000000
  -0.0000000000
  -0.0000000000
  -0.0000000000
   0.0000000000
   0.0000000000
   0.0000000000
   0.0000000000
  -0.0000000000
  -0.0000000000
  -0.0000000000
   0.0000000000
   0.0000000000
   0.0000000000
   0.0000000000
  -0.0000000000
  -0.0000000000
  -0.0000000000
  -0.0000000000
   0.0000000000
   0.0000000000
   0.0000000000
  -0.0000000000
  -0.0000000000
  -0.0000000000
  -0.0000000000
   0.0000000000
   0.0000000000
   0.0000000000
  -0.0000000000
  -0.0000000000
  -0.0000000000
  -0.0000000000
   0.0000000000
   0.0000000000
   0.0000000000
  -0.0000000000
  -0.0000000000
  -0.0000000000
   0.0000000000
   0.0000000000
   0.0000000000
   0.0000000000
  -0.0000000000
  -0.0000000000
  -0.0000000000
   0.0000000000
   0.0000000000
   0.0000000000
   0.0000000000
  -0.0000000000
  -0.0000000000
  -0.0000000000
   0.0000000000
   0.0000000000
   0.0000000000
  -0.0000000000
  -0.0000000000
  -0.0000000000
  -0.0000000000
   0.0000000000
   0.0000000000
   0.0000000000
  -0.0000000000
  -0.0000000000
  -0.0000000000
   0.0000000000
   0.0000000000
   0.0000000000
  -0.0000000000
  -0.0000000000
  -0.0000000000
  -0.0000000000
   0.0000000000
   0.0000000000
   0.0000000000
  -0.0000000000
  -0.0000000000
  -0.0000000000
   0.0000000000
   0.0000000000
   0.0000000000
  -0.0000000000
  -0.0000000000
  -0.0000000000
  -0.0000000000
   0.0000000000
   0.0000000000
   0.0000000000
  -0.0000000000
  -0.0000000000
  -0.0000000000
   0.0000000000
   0.0000000000
   0.0000000000
  -0.0000000000
  -0.0000000000
  -0.0000000000
   0.0000000000
   0.0000000000
   0.0000000000
   0.0000000000
  -0.0000000000
  -0.0000000000
  -0.0000000000
   0.0000000000
   0.0000000000
   0.0000000000
  -0.0000000000
  -0.0000000000
  -0.0000000000
   0.0000000000
   0.0000000000
   0.0000000000
  -0.0000000000
  -0.0000000000
  -0.0000000000
   0.0000000000
   0.0000000000
   0.0000000000
  -0.0000000000
  -0.0000000000
  -0.0000000000
   0.0000000000
   0.0000000000
   0.0000000000
   0.0000000000
  -0.0000000000
  -0.0000000000
  -0.0000000000
   0.0000000000
   0.0000000000
   0.0000000000
  -0.0000000000
  -0.0000000000
  -0.0000000000
   0.0000000000
   0.0000000000
   0.0000000000
  -0.0000000000
  -0.0000000000
  -0.0000000000
   0.0000000000
   0.0000000000
   0.0000000000
  -0.0000000000
  -0.0000000000
  -0.0000000000
   0.0000000000
   0.0000000000
   0.0000000000
  -0.0000000000
  -0.0000000000
  -0.0000000000
   0.0000000000
   0.0000000000
   0.0000000000
  -0.0000000000
  -0.0000000000
  -0.0000000000
   0.0000000000
   0.0000000000
   0.0000000000
  -0.0000000000
  -0.0000000000
  -0.0000000000
   0.0000000000
   0.0000000000
   0.0000000000
  -0.0000000000
  -0.0000000000
  -0.0000000000
   0.0000000000
   0.0000000000
   0.0000000000
  -0.0000000000
  -0.0000000000
  -0.0000000000
   0.0000000000
   0.0000000000
   0.0000000000
  -0.0000000000
  -0.0000000000
  -0.0000000000
   0.0000000000
   0.0000000000
   0.0000000000
  -0.0000000000
  -0.0000000000
  -0.0000000000
   0.0000000000
   0.0000000000
   0.0000000000
  -0.0000000000
  -0.0000000000
  -0.0000000000
   0.0000000000
   0.0000000000
   0.0000000000
  -0.0000000000
  -0.0000000000
  -0.0000000000
   0.0000000000
   0.0000000000
   0.0000000000
  -0.0000000000
  -0.0000000000
  -0.0000000000
   0.0000000000
   0.0000000000
   0.0000000000
  -0.0000000000
  -0.0000000000
   0.0000000000
   0.0000000000
   0.0000000000
  -0.0000000000
  -0.0000000000
  -0.0000000000
   0.0000000000
   0.0000000000
   0.0000000000
  -0.0000000000
  -0.0000000000
  -0.0000000000
   0.0000000000
   0.0000000000
   0.0000000000
  -0.0000000000
  -0.0000000000
  -0.0000000000
   0.0000000000
   0.0000000000
   0.0000000000
  -0.0000000000
  -0.0000000000
  -0.0000000000
   0.0000000000
   0.0000000000
  -0.0000000000
  -0.0000000000
  -0.0000000000
   0.0000000000
   0.0000000000
   0.0000000000
  -0.0000000000
  -0.0000000000
  -0.0000000000
   0.0000000000
   0.0000000000
   0.0000000000
  -0.0000000000
  -0.0000000000
  -0.0000000000
   0.0000000000
   0.0000000000
   0.0000000000
  -0.0000000000
  -0.0000000000
   0.0000000000
   0.0000000000
   0.0000000000
  -0.0000000000
  -0.0000000000
  -0.0000000000
   0.0000000000
   0.0000000000
   0.0000000000
  -0.0000000000
  -0.0000000000
  -0.0000000000
   0.0000000000
   0.0000000000
   0.0000000000
  -0.0000000000
  -0.0000000000
   0.0000000000
   0.0000000000
   0.0000000000
  -0.0000000000
  -0.0000000000
  -0.0000000000
   0.0000000000
   0.0000000000
   0.0000000000
  -0.0000000000
  -0.0000000000
  -0.0000000000
   0.0000000000
   0.0000000000
   0.0000000000
  -0.0000000000
  -0.0000000000
   0.0000000000
   0.0000000000
   0.0000000000
  -0.0000000000
  -0.0000000000
  -0.0000000000
   0.0000000000
   0.0000000000
   0.0000000000
  -0.0000000000
  -0.0000000000
  -0.0000000000
   0.0000000000
   0.0000000000
  -0.0000000000
  -0.0000000000
  -0.0000000000
   0.0000000000
   0.0000000000
   0.0000000000
  -0.0000000000
  -0.0000000000
  -0.0000000000
   0.0000000000
   0.0000000000
  -0.0000000000
  -0.0000000000
  -0.0000000000
   0.0000000000
   0.0000000000
   0.0000000000
  -0.0000000000
  -0.0000000000
  -0.0000000000
   0.0000000000
   0.0000000000
   0.0000000000
  -0.0000000000
  -0.0000000000
   0.0000000000
   0.0000000000
   0.0000000000
  -0.0000000000
  -0.0000000000
  -0.0000000000
   0.0000000000
   0.0000000000
   0.0000000000
  -0.0000000000
  -0.0000000000
   0.0000000000
   0.0000000000
   0.0000000000
  -0.0000000000
  -0.0000000000
  -0.0000000000
   0.0000000000
   0.0000000000
   0.0000000000
  -0.0000000000
  -0.0000000000
   0.0000000000
   0.0000000000
   0.0000000000
  -0.0000000000
  -0.0000000000
  -0.0000000000
   0.0000000000
   0.0000000000
   0.0000000000
  -0.0000000000
  -0.0000000000
   0.0000000000
   0.0000000000
   0.0000000000
  -0.0000000000
  -0.0000000000
  -0.0000000000
   0.0000000000
   0.0000000000
  -0.0000000000
  -0.0000000000
  -0.0000000000
   0.0000000000
   0.0000000000
   0.0000000000
  -0.0000000000
  -0.0000000000
  -0.0000000000
   0.0000000000
   0.0000000000
  -0.0000000000
  -0.0000000000
  -0.0000000000
   0.0000000000
   0.0000000000
   0.0000000000
  -0.0000000000
  -0.0000000000
   0.0000000000
   0.0000000000
   0.0000000000
  -0.0000000000
  -0.0000000000
  -0.0000000000
   0.0000000000
   0.0000000000
   0.0000000000
  -0.0000000000
  -0.0000000000
   0.0000000000
   0.0000000000
   0.0000000000
  -0.0000000000
  -0.0000000000
  -0.0000000000
   0.0000000000
   0.0000000000
  -0.0000000000
  -0.0000000000
  -0.0000000000
   0.0000000000
   0.0000000000
   0.0000000000
  -0.0000000000
  -0.0000000000
   0.0000000000
   0.0000000000
   0.0000000000
  -0.0000000000
  -0.0000000000
  -0.0000000000
   0.0000000000
   0.0000000000
  -0.0000000000
  -0.0000000000
  -0.0000000000
   0.0000000000
   0.0000000000
   0.0000000000
  -0.0000000000
  -0.0000000000
  -0.0000000000
   0.0000000000
   0.0000000000
  -0.0000000000
  -0.0000000000
  -0.0000000000
   0.0000000000
   0.0000000000
   0.0000000000
  -0.0000000000
  -0.0000000000
   0.0000000000
   0.0000000000
   0.0000000000
  -0.0000000000
  -0.0000000000
  -0.0000000000
   0.0000000000
   0.0000000000
  -0.0000000000
  -0.0000000000
  -0.0000000000
   0.0000000000
   0.0000000000
   0.0000000000
  -0.0000000000
  -0.0000000000
   0.0000000000
   0.0000000000
   0.0000000000
  -0.0000000000
  -0.0000000000
   0.0000000000
   0.0000000000
   0.0000000000
  -0.0000000000
  -0.0000000000
  -0.0000000000
   0.0000000000
   0.0000000000
  -0.0000000000
  -0.0000000000
  -0.0000000000
   0.0000000000
   0.0000000000
   0.0000000000
  -0.0000000000
  -0.0000000000
   0.0000000000
   0.0000000000
   0.0000000000
  -0.0000000000
  -0.0000000000
  -0.0000000000
   0.0000000000
   0.0000000000
  -0.0000000000
  -0.0000000000
  -0.0000000000
   0.0000000000
   0.0000000000
   0.0000000000
  -0.0000000000
  -0.0000000000
   0.0000000000
   0.0000000000
   0.0000000000
  -0.0000000000
  -0.0000000000
   0.0000000000
   0.0000000000
   0.0000000000
  -0.0000000000
  -0.0000000000
  -0.0000000000
   0.0000000000
   0.0000000000
  -0.0000000000
  -0.0000000000
  -0.0000000000
   0.0000000000
   0.0000000000
   0.0000000000
  -0.0000000000
  -0.0000000000
   0.0000000000
   0.0000000000
   0.0000000000
  -0.0000000000
  -0.0000000000
   0.0000000000
   0.0000000000
   0.0000000000
  -0.0000000000
  -0.0000000000
  -0.0000000000
   0.0000000000
   0.0000000000
  -0.0000000000
  -0.0000000000
  -0.0000000000
   0.0000000000
   0.0000000000
   0.0000000000
  -0.0000000000
  -0.0000000000
   0.0000000000
   0.0000000000
   0.0000000000
  -0.0000000000
  -0.0000000000
   0.0000000000
   0.0000000000
   0.0000000000
  -0.0000000000
  -0.0000000000
  -0.0000000000
   0.0000000000
   0.0000000000
  -0.0000000000
  -0.0000000000
  -0.0000000000
   0.0000000000
   0.0000000000
  -0.0000000000
  -0.0000000000
  -0.0000000000
   0.0000000000
   0.0000000000
   0.0000000000
  -0.0000000000
  -0.0000000000
   0.0000000000
   0.0000000000
   0.0000000000
  -0.0000000000
  -0.0000000000
   0.0000000000
   0.0000000000
   0.0000000000
  -0.0000000000
  -0.0000000000
  -0.0000000000
   0.0000000000
   0.0000000000
  -0.0000000000
  -0.0000000000
  -0.0000000000
   0.0000000000
   0.0000000000
  -0.0000000000
  -0.0000000000
  -0.0000000000
   0.0000000000
   0.0000000000
  -0.0000000000
  -0.0000000000
  -0.0000000000
   0.0000000000
   0.0000000000
   0.0000000000
  -0.0000000000
  -0.0000000000
   0.0000000000
   0.0000000000
   0.0000000000
  -0.0000000000
  -0.0000000000
   0.0000000000
   0.0000000000
   0.0000000000
  -0.0000000000
  -0.0000000000
  -0.0000000000
   0.0000000000
   0.0000000000
  -0.0000000000
  -0.0000000000
  -0.0000000000
   0.0000000000
   0.0000000000
  -0.0000000000
  -0.0000000000
  -0.0000000000
   0.0000000000
   0.0000000000
  -0.0000000000
  -0.0000000000
  -0.0000000000
   0.0000000000
   0.0000000000
   0.0000000000
  -0.0000000000
  -0.0000000000
   0.0000000000
   0.0000000000
   0.0000000000
  -0.0000000000
  -0.0000000000
   0.0000000000
   0.0000000000
   0.0000000000
  -0.0000000000
  -0.0000000000
   0.0000000000
   0.0000000000
   0.0000000000
  -0.0000000000
  -0.0000000000
   0.0000000000
   0.0000000000
   0.0000000000
  -0.0000000000
  -0.0000000000
  -0.0000000000
   0.0000000000
   0.0000000000
  -0.0000000000
  -0.0000000000
  -0.0000000000
   0.0000000000
   0.0000000000
  -0.0000000000
  -0.0000000000
  -0.0000000000
   0.0000000000
   0.0000000000
  -0.0000000000
  -0.0000000000
  -0.0000000000
   0.0000000000
   0.0000000000
  -0.0000000000
  -0.0000000000
  -0.0000000000
   0.0000000000
   0.0000000000
   0.0000000000
  -0.0000000000
  -0.0000000000
   0.0000000000
   0.0000000000
   0.0000000000
  -0.0000000000
  -0.0000000000
   0.0000000000
   0.0000000000
   0.0000000000
  -0.0000000000
  -0.0000000000
   0.0000000000
   0.0000000000
   0.0000000000
  -0.0000000000
  -0.0000000000
   0.0000000000
   0.0000000000
   0.0000000000
  -0.0000000000
  -0.0000000000
   0.0000000000
   0.0000000000
   0.0000000000
  -0.0000000000
  -0.0000000000
  -0.0000000000
   0.0000000000
   0.0000000000
  -0.0000000000
  -0.0000000000
  -0.0000000000
   0.0000000000
   0.0000000000
  -0.0000000000
  -0.0000000000
  -0.0000000000
   0.0000000000
   0.0000000000
  -0.0000000000
  -0.0000000000
  -0.0000000000
