  -0.1215009357
  -0.3583338803
  -0.5653091441
  -0.7451131445
  -0.8702634403
  -0.9535182918
  -0.9673142375
  -0.9361699024
  -0.8345162383
  -0.6981981402
  -0.5039625593
  -0.2967109237
  -0.0543770787
   0.1727418159
   0.4075976075
   0.5988699991
   0.7727014057
   0.8810116282
   0.9549034442
   0.9529050961
   0.9116745296
   0.7982498214
   0.6539079653
   0.4544010537
   0.2431752643
   0.0033627792
  -0.2229940413
  -0.4477506733
  -0.6342892115
  -0.7921299803
  -0.8937436834
  -0.9485336755
  -0.9406211687
  -0.8804242782
  -0.7646603656
  -0.6044714092
  -0.4083370327
  -0.1864446089
   0.0433533420
   0.2744928379
   0.4831361138
   0.6693378413
   0.8069024746
   0.9050539244
   0.9383245371
   0.9265199029
   0.8468216441
   0.7294423681
   0.5546499670
   0.3612070008
   0.1314732279
  -0.0904942183
  -0.3222616993
  -0.5185313652
  -0.6991771235
  -0.8217349707
  -0.9103808266
  -0.9288033938
  -0.9064304407
  -0.8150698860
  -0.6889020191
  -0.5081867028
  -0.3098566891
  -0.0814172606
   0.1406300606
   0.3638378197
   0.5558892864
   0.7221139373
   0.8379353256
   0.9088406813
   0.9206083045
   0.8802794936
   0.7851161512
   0.6437414759
   0.4643247236
   0.2556996523
   0.0348173146
  -0.1917194875
  -0.4013595787
  -0.5926336025
  -0.7409142616
  -0.8524859631
  -0.9037450778
  -0.9103690187
  -0.8518132300
  -0.7533194397
  -0.5980074234
  -0.4192294724
  -0.2029356242
   0.0122776868
   0.2395589902
   0.4388122531
   0.6246966262
   0.7595056285
   0.8615756213
   0.8988606631
   0.8946267115
   0.8245252778
   0.7166435975
   0.5548053713
   0.3703348564
   0.1541728840
  -0.0619333847
  -0.2821304357
  -0.4777406965
  -0.6507176635
  -0.7788957572
  -0.8645360103
  -0.8946421521
  -0.8734055386
  -0.7983019524
  -0.6757723717
  -0.5134418523
  -0.3189246316
  -0.1081369749
   0.1123433707
   0.3212731375
   0.5159011627
   0.6730611983
   0.7964881851
   0.8641900827
   0.8882184742
   0.8498937121
   0.7700671174
   0.6341443264
   0.4706983313
   0.2685595828
   0.0615272522
  -0.1599553338
  -0.3603062605
  -0.5498721885
  -0.6949930738
  -0.8090972670
  -0.8636677572
  -0.8767216856
  -0.8269929131
  -0.7373278641
  -0.5943357201
  -0.4244923450
  -0.2213964011
  -0.0126908531
   0.2031137698
   0.4004431531
   0.5785594373
   0.7172800219
   0.8162213501
   0.8632807263
   0.8602427959
   0.8045492877
   0.7007376330
   0.5557173622
   0.3759847478
   0.1763271063
  -0.0367754268
  -0.2433956037
  -0.4397295638
  -0.6039792074
  -0.7376872600
  -0.8202627232
  -0.8605830400
  -0.8414924518
  -0.7799651297
  -0.6632172504
  -0.5155906012
  -0.3281952061
  -0.1305986333
   0.0838678110
   0.2835602725
   0.4752854227
   0.6288423406
   0.7535504607
   0.8238184395
   0.8531965771
   0.8228785279
   0.7511956374
   0.6269035699
   0.4722699722
   0.2829081918
   0.0828951765
  -0.1272263102
  -0.3245523140
  -0.5062292689
  -0.6537225291
  -0.7644957660
  -0.8270891414
  -0.8412556628
  -0.8042223294
  -0.7188560531
  -0.5912302788
  -0.4268012044
  -0.2391645619
  -0.0346270497
   0.1681983420
   0.3646691667
   0.5342759172
   0.6766952706
   0.7725635814
   0.8279904961
   0.8270622796
   0.7833308696
   0.6854263965
   0.5539369507
   0.3817456488
   0.1946717647
  -0.0116640227
  -0.2090733777
  -0.4014842008
  -0.5616709146
  -0.6955303516
  -0.7799050857
  -0.8245499757
  -0.8126123180
  -0.7585284031
  -0.6526786180
  -0.5136633828
  -0.3385809376
  -0.1483886279
   0.0548587415
   0.2505784900
   0.4342856418
   0.5888337390
   0.7099509131
   0.7866351507
   0.8169272914
   0.7977134319
   0.7303871252
   0.6201063458
   0.4713483754
   0.2964801625
   0.1015599273
  -0.0961043788
  -0.2912296997
  -0.4645276688
  -0.6141058022
  -0.7216862707
  -0.7909766844
  -0.8070747869
  -0.7805145581
  -0.7010117028
  -0.5858180687
  -0.4291650124
  -0.2535376164
  -0.0563381426
   0.1372961584
   0.3289800784
   0.4940659530
   0.6356181557
   0.7325145805
   0.7912926105
   0.7966445748
   0.7596433789
   0.6718709365
   0.5487194896
   0.3883378987
   0.2089353323
   0.0136465999
  -0.1789857096
  -0.3632527536
  -0.5231971646
  -0.6531666459
  -0.7424848739
  -0.7877545431
  -0.7854386600
  -0.7356264816
  -0.6425144630
  -0.5096507622
  -0.3481569213
  -0.1637713960
   0.0274879532
   0.2198787236
   0.3952769445
   0.5504904067
   0.6682133597
   0.7500808024
   0.7820157318
   0.7718944614
   0.7102488504
   0.6113609017
   0.4704559349
   0.3070409156
   0.1198702984
  -0.0686303477
  -0.2582461997
  -0.4265818475
  -0.5743771927
  -0.6822244400
  -0.7539423882
  -0.7754413618
  -0.7548886551
  -0.6847273039
  -0.5775327903
  -0.4321508411
  -0.2643527823
  -0.0779958084
   0.1101911391
   0.2936182354
   0.4573667063
   0.5947070242
   0.6951987419
   0.7542431750
   0.7678333587
   0.7349013570
   0.6586629705
   0.5417797689
   0.3941279500
   0.2210607885
   0.0373255197
  -0.1510405051
  -0.3270302091
  -0.4863954451
  -0.6127126133
  -0.7058409591
  -0.7523805897
  -0.7578721931
  -0.7134452036
  -0.6307347829
  -0.5056669163
  -0.3550779760
  -0.1787129440
   0.0034288420
   0.1897156654
   0.3597381363
   0.5123493404
   0.6295991830
   0.7130197175
   0.7494802729
   0.7446384346
   0.6915274183
   0.6002415843
   0.4700376630
   0.3145098617
   0.1379430660
  -0.0445648497
  -0.2258313324
  -0.3918643279
  -0.5351167146
  -0.6453276866
  -0.7169032754
  -0.7453478035
  -0.7285661004
  -0.6687958236
  -0.5678503235
  -0.4343740828
  -0.2732770844
  -0.0980590911
   0.0850952976
   0.2602561750
   0.4223393425
   0.5557336051
   0.6587900786
   0.7186703759
   0.7388682839
   0.7109359504
   0.6441478265
   0.5348899212
   0.3975950264
   0.2326955577
   0.0580055293
  -0.1237780427
  -0.2940144420
  -0.4500471147
  -0.5751801153
  -0.6690333505
  -0.7192324295
  -0.7292688014
  -0.6925525067
  -0.6169856359
  -0.5020062342
  -0.3592505563
  -0.1931879210
  -0.0174303862
   0.1604918595
   0.3274360543
   0.4752655718
   0.5938759299
   0.6768668353
   0.7192676757
   0.7180853331
   0.6746147482
   0.5898764592
   0.4713306403
   0.3234210691
   0.1584579822
  -0.0173214970
  -0.1889894072
  -0.3507761301
  -0.4877782051
  -0.5970240552
  -0.6660901562
  -0.6966235035
  -0.6804039099
  -0.6245477049
  -0.5256636289
  -0.3959879713
  -0.2363847441
  -0.0627143237
   0.1214923816
   0.2990688715
   0.4659966455
   0.6064258522
   0.7180614020
   0.7887115274
   0.8194886939
   0.8034047344
   0.7457147632
   0.6450638849
   0.5104525111
   0.3454233618
   0.1612917323
  -0.0351724537
  -0.2324461857
  -0.4226865584
  -0.5964237565
  -0.7468237374
  -0.8683278898
  -0.9566016584
  -1.0110054940
  -1.0302563877
  -1.0185699867
  -0.9772429667
  -0.9142727413
  -0.8322377917
  -0.7411622786
  -0.6432073196
  -0.5484888736
  -0.4571800113
  -0.3779052576
  -0.3078869827
  -0.2534323802
  -0.2087432708
  -0.1778984695
  -0.1529032523
  -0.1364730441
  -0.1198499140
  -0.1056374674
  -0.0858786119
  -0.0641937245
  -0.0346087247
  -0.0023130066
   0.0362529036
   0.0745889413
   0.1142507441
   0.1484222201
   0.1776868493
   0.1962829496
   0.2050201097
   0.2004232564
   0.1843789027
   0.1563226679
   0.1193502527
   0.0755853534
   0.0286700841
  -0.0175608479
  -0.0601230062
  -0.0948126503
  -0.1205649752
  -0.1339850766
  -0.1367331966
  -0.1267871641
  -0.1085501877
  -0.0811384610
  -0.0509182116
  -0.0172650656
   0.0127602624
   0.0406283867
   0.0598507639
   0.0735812211
   0.0767095283
   0.0742821428
   0.0626769096
   0.0483380680
   0.0286163705
   0.0103748763
  -0.0088786246
  -0.0229240281
  -0.0347969746
  -0.0396683840
  -0.0413821778
  -0.0367107367
  -0.0300398424
  -0.0194413599
  -0.0091918256
   0.0019174159
   0.0104562107
   0.0174550882
   0.0208496450
   0.0217445026
   0.0195664606
   0.0153754108
   0.0098342079
   0.0035709839
  -0.0019772379
  -0.0070500549
  -0.0098682213
  -0.0118024342
  -0.0109500765
  -0.0097842149
  -0.0062351458
  -0.0035868197
   0.0006107661
