  -0.1237153262
  -0.3593111424
  -0.5709946991
  -0.7470774263
  -0.8774501050
  -0.9545086832
  -0.9737664078
  -0.9341881058
  -0.8382748100
  -0.6919176500
  -0.5040405183
  -0.2860576448
  -0.0511807842
   0.1863812807
   0.4122821758
   0.6129042453
   0.7761793915
   0.8923149592
   0.9543810011
   0.9587237104
   0.9051803581
   0.7970831034
   0.6410518083
   0.4465887300
   0.2254999000
  -0.0088215808
  -0.2422068229
  -0.4605678677
  -0.6507480438
  -0.8013146372
  -0.9032461190
  -0.9504726261
  -0.9402373154
  -0.8732570894
  -0.7536733313
  -0.5887959884
  -0.3886568092
  -0.1653990326
   0.0674593418
   0.2958440103
   0.5059749950
   0.6851980407
   0.8227466183
   0.9103886527
   0.9429191314
   0.9184691178
   0.8386128330
   0.7082666874
   0.5353867174
   0.3304830392
   0.1059809482
  -0.1245325007
  -0.3471307511
  -0.5483890827
  -0.7161942032
  -0.8404732734
  -0.9137984944
  -0.9318309701
  -0.8935773272
  -0.8014439217
  -0.6610857096
  -0.4810592581
  -0.2723011829
  -0.0474637999
   0.1798516568
   0.3959177822
   0.5877099471
   0.7436913903
   0.8545071350
   0.9135449938
   0.9173300247
   0.8657289102
   0.7619522488
   0.6123549692
   0.4260472634
   0.2143398537
  -0.0099426315
  -0.2332384944
  -0.4420689633
  -0.6238517695
  -0.7676591995
  -0.8648749562
  -0.9097103464
  -0.8995488753
  -0.8350987410
  -0.7203443524
  -0.5623001447
  -0.3705818949
  -0.1568217314
   0.0660375765
   0.2845262368
   0.4854615207
   0.6567431151
   0.7880817590
   0.8716172911
   0.9023889863
   0.8786300422
   0.8018687391
   0.6768305009
   0.5111471108
   0.3148909704
   0.0999628200
  -0.1206298645
  -0.3335600455
  -0.5259862329
  -0.6863268947
  -0.8049574684
  -0.8747880289
  -0.8916869438
  -0.8547252057
  -0.7662269995
  -0.6316237855
  -0.4591210472
  -0.2591981436
  -0.0439717477
   0.1735384625
   0.3801973636
   0.5635475591
   0.7125602706
   0.8182986884
   0.8744538875
   0.8777211723
   0.8279944079
   0.7283669164
   0.5849392203
   0.4064455704
   0.2037221180
  -0.0109508895
  -0.2245929604
  -0.4243082030
  -0.5980637112
  -0.7354145088
  -0.8281313827
  -0.8706938665
  -0.8606188469
  -0.7986052386
  -0.6884863075
  -0.5369928561
  -0.3533418897
  -0.1486758984
   0.0646131364
   0.2736340049
   0.4657753766
   0.6294666697
   0.7548747797
   0.8344947149
   0.8635986653
   0.8405166386
   0.7667320101
   0.6467865384
   0.4880009088
   0.3000279924
   0.0942660808
  -0.1168322413
  -0.3205136805
  -0.5044946741
  -0.6577021462
  -0.7709399076
  -0.8374406017
  -0.8532700676
  -0.8175599670
  -0.7325549240
  -0.6034716538
  -0.4381789067
  -0.2467178596
  -0.0406921830
   0.1674351695
   0.3650958358
   0.5403749841
   0.6827294915
   0.7836220731
   0.8370332269
   0.8398202958
   0.7919022357
   0.6962592331
   0.5587475169
   0.3877408601
   0.1936207144
  -0.0118539815
  -0.2162590670
  -0.4072563581
  -0.5733383610
  -0.7045215534
  -0.7929464688
  -0.8333485170
  -0.8233713394
  -0.7637040530
  -0.6580344020
  -0.5128209609
  -0.3368984541
  -0.1409403059
   0.0631888860
   0.2631516744
   0.4468833937
   0.6033200395
   0.7230644839
   0.7989509124
   0.8264735832
   0.8040542589
   0.7331324414
   0.6180732698
   0.4658989553
   0.2858602694
   0.0888742313
  -0.1131378275
  -0.3079716901
  -0.4838775148
  -0.6302683965
  -0.7383574987
  -0.8016854178
  -0.8165061312
  -0.7820084712
  -0.7003600399
  -0.5765712183
  -0.4181877902
  -0.2348310318
  -0.0376132954
   0.1615354169
   0.3505890816
   0.5181518353
   0.6541448628
   0.7504125906
   0.8012117293
   0.8035538429
   0.7573810160
   0.6655643016
   0.5337253486
   0.3698922818
   0.1840108945
  -0.0126590871
  -0.2082260220
  -0.3908853469
  -0.5496320730
  -0.6749237847
  -0.7592541994
  -0.7976028182
  -0.7877337324
  -0.7303258101
  -0.6289266903
  -0.4897336690
  -0.3212150005
  -0.1335947528
   0.0617674484
   0.2530641621
   0.4287537237
   0.5782565628
   0.6925922390
   0.7649188402
   0.7909423480
   0.7691714798
   0.7010028903
   0.5906318790
   0.4447942975
   0.2723555255
   0.0837715962
  -0.1095447803
  -0.2959148547
  -0.4640993488
  -0.6039762185
  -0.7071498012
  -0.7674546918
  -0.7813241088
  -0.7480007457
  -0.6695776498
  -0.5508669540
  -0.3991046814
  -0.2235097277
  -0.0347238966
   0.1558330021
   0.3366539120
   0.4968393663
   0.6267544468
   0.7186082702
   0.7669211495
   0.7688514246
   0.7243624692
   0.6362200699
   0.5098206265
   0.3528608372
   0.1748690825
  -0.0133729630
  -0.2004833840
  -0.3751681900
  -0.5269029870
  -0.6465670144
  -0.7269913509
  -0.7633883432
  -0.7536365364
  -0.6984041539
  -0.6011039508
  -0.4676824560
  -0.3062566127
  -0.1266200158
   0.0603512204
   0.2433569230
   0.4113557871
   0.5542314991
   0.6634018688
   0.7323342977
   0.7569366240
   0.7357999635
   0.6702791424
   0.5644061446
   0.4246420869
   0.2594829737
   0.0789432838
  -0.1060512239
  -0.2843246736
  -0.4451261959
  -0.5787782305
  -0.6772589156
  -0.7346835195
  -0.7476560222
  -0.7154698474
  -0.6401458856
  -0.5263057938
  -0.3808885024
  -0.2127273182
  -0.0320133890
   0.1503218791
   0.3232680311
   0.4764004053
   0.6005084656
   0.6881497544
   0.7340961506
   0.7356456793
   0.6927812791
   0.6081672069
   0.4869835762
   0.3366092970
   0.1661728200
  -0.0140019663
  -0.1930210527
  -0.3600789677
  -0.5051109560
  -0.6193993166
  -0.6960973733
  -0.7306395885
  -0.7210132568
  -0.6678756153
  -0.5745095661
  -0.4466209626
  -0.2919899707
  -0.1199978029
   0.0589423877
   0.2340159319
   0.3946602225
   0.5312019497
   0.6354395508
   0.7011358066
   0.7243910018
   0.7038743247
   0.6408997841
   0.5393423253
   0.4053994859
   0.2472132471
   0.0743751480
  -0.1026552564
  -0.2731833390
  -0.4269254448
  -0.5546290119
  -0.6486293765
  -0.7033097564
  -0.7154368107
  -0.6843517323
  -0.6120055847
  -0.5028370194
  -0.3635000274
  -0.2024584176
  -0.0294717358
   0.1449961562
   0.3104100019
   0.4567992909
   0.5753592109
   0.6589801890
   0.7026741803
   0.7038721427
   0.6625749647
   0.5813489834
   0.4651666350
   0.3211021207
   0.1579007137
  -0.0145520761
  -0.1858292586
  -0.3455927787
  -0.4842174764
  -0.5933709332
  -0.6665142773
  -0.6992938486
  -0.6898002660
  -0.6386794871
  -0.5490894093
  -0.4265048984
  -0.2783832773
  -0.1137107086
   0.0575429380
   0.2250276656
   0.3786388388
   0.5091267830
   0.6086537179
   0.6712644956
   0.6932428725
   0.6733320033
   0.6128060806
   0.5153890508
   0.3870255775
   0.2355183340
   0.0700537511
  -0.0993549550
  -0.2624737103
  -0.4094657982
  -0.5314850227
  -0.6212080503
  -0.6732738997
  -0.6846042058
  -0.6545851300
  -0.5851001717
  -0.4804121585
  -0.3469017985
  -0.1926788255
  -0.0270894322
   0.1398500943
   0.2980592140
   0.4380018115
   0.5512609582
   0.6310451173
   0.6725953521
   0.6734691236
   0.6336837570
   0.5557111579
   0.4443243539
   0.3063053804
   0.1500323851
  -0.0150289143
  -0.1788985532
  -0.3316857008
  -0.4641856209
  -0.5684341837
  -0.6381865264
  -0.6692910971
  -0.6599366791
  -0.6107577032
  -0.5247917337
  -0.4072919494
  -0.2654061895
  -0.1077421718
   0.0561546745
   0.2163790858
   0.3632645690
   0.4879665614
   0.5829949642
   0.6426639901
   0.6634323084
   0.6441131424
   0.5859418593
   0.4924972177
   0.3694812794
   0.2243715156
   0.0659663297
  -0.0961483816
  -0.2521792899
  -0.3927172202
  -0.5093045251
  -0.5949440375
  -0.6445189768
  -0.6550986116
  -0.6261114236
  -0.5593755458
  -0.4589848844
  -0.3310580471
  -0.1833654723
  -0.0248574781
   0.1348781046
   0.2861958522
   0.4199751463
   0.5281698851
   0.6042923794
   0.6438023324
   0.6443775845
   0.6060504819
   0.5312018679
   0.4244133039
   0.2921866879
   0.1425484231
  -0.0154377656
  -0.1722197997
  -0.3183347522
  -0.4449799743
  -0.5445433787
  -0.6110609331
  -0.6405738723
  -0.6313642365
  -0.5840547246
  -0.5015670693
  -0.3889416903
  -0.2530297518
  -0.1020764351
   0.0547792279
   0.2080576223
   0.3485114254
