  -0.0780154350
  -0.1296827956
  -0.1979009816
  -0.2706850180
  -0.3437181782
  -0.4152844555
  -0.4845062769
  -0.5508280156
  -0.6137866007
  -0.6729877154
  -0.7280565210
  -0.7786586169
  -0.8244786046
  -0.8652386486
  -0.9006857347
  -0.9306046630
  -0.9548100256
  -0.9731548344
  -0.9855254027
  -0.9918468535
  -0.9920797410
  -0.9862233434
  -0.9743132457
  -0.9564230373
  -0.9326623449
  -0.9031773537
  -0.8681489688
  -0.8277924435
  -0.7823554771
  -0.7321171488
  -0.6773858480
  -0.6184976592
  -0.5558140810
  -0.4897199768
  -0.4206210790
  -0.3489416022
  -0.2751215578
  -0.1996141158
  -0.1228827745
  -0.0453985524
   0.0323629318
   0.1099243561
   0.1868096432
   0.2625468684
   0.3366711672
   0.4087275805
   0.4782738531
   0.5448831433
   0.6081466466
   0.6676761014
   0.7231061745
   0.7740967011
   0.8203347739
   0.8615366621
   0.8974495533
   0.9278531040
   0.9525607923
   0.9714210617
   0.9843182506
   0.9911733022
   0.9919442485
   0.9866264676
   0.9752527112
   0.9578929029
   0.9346537085
   0.9056778805
   0.8711433811
   0.8312622894
   0.7862794987
   0.7364712131
   0.6821432513
   0.6236291690
   0.5612882108
   0.4955031050
   0.4266777134
   0.3552345526
   0.2816121994
   0.2062625994
   0.1296482916
   0.0522395701
