  -0.1235369765
  -0.3589275788
  -0.5704132540
  -0.7463861995
  -0.8767196659
  -0.9538313515
  -0.9732278511
  -0.9338685413
  -0.8382373816
  -0.6922036891
  -0.5046639891
  -0.2870027517
  -0.0524015115
   0.1849589654
   0.4107558150
   0.6113882503
   0.7747967593
   0.8911879148
   0.9536212565
   0.9584230682
   0.9054023908
   0.7978565767
   0.6423664119
   0.4483935251
   0.2277047070
  -0.0063418369
  -0.2396050095
  -0.4580151856
  -0.6484228017
  -0.7993899920
  -0.9018776151
  -0.9497864076
  -0.9403198710
  -0.8741473068
  -0.7553575072
  -0.5912062535
  -0.3916732080
  -0.1688552521
   0.0637668500
   0.2921440124
   0.5025072733
   0.6821978909
   0.8204290456
   0.9089333206
   0.9424570960
   0.9190722982
   0.8402870106
   0.7109486178
   0.5389456816
   0.3347268768
   0.1106663189
  -0.1196861680
  -0.3424244212
  -0.5441254010
  -0.7126580716
  -0.8379129604
  -0.9124085223
  -0.9317379432
  -0.8948297033
  -0.8040065019
  -0.6648393339
  -0.4858058719
  -0.2777740960
  -0.0533426187
   0.1739222561
   0.3903065404
   0.5827760741
   0.7397616112
   0.8518541942
   0.9123690245
   0.9177440392
   0.8677494349
   0.7654958237
   0.6172408731
   0.4320064397
   0.2210296162
  -0.0029189087
  -0.2263078345
  -0.4356627899
  -0.6183790404
  -0.7634803452
  -0.8622782802
  -0.9088924256
  -0.9006002774
  -0.8379960669
  -0.7249492351
  -0.5683654106
  -0.3777646462
  -0.1647026707
   0.0579296654
   0.2766862822
   0.4783779188
   0.6508673003
   0.7837994842
   0.8692234418
   0.9020675654
   0.8804406685
   0.8057406193
   0.6825643859
   0.5184252576
   0.3232946322
   0.1089963089
  -0.1115099229
  -0.3249119931
  -0.5183491682
  -0.6801870674
  -0.8007173751
  -0.8727401695
  -0.8919939432
  -0.8574076344
  -0.7711597722
  -0.6385414975
  -0.4676320590
  -0.2688066797
  -0.0541067674
   0.1634893034
   0.3708506814
   0.5554863829
   0.7062976801
   0.8142452176
   0.8728907603
   0.8787811074
   0.8316512861
   0.7344350745
   0.5930825518
   0.4161960106
   0.2145065043
   0.0002228805
  -0.2137072157
  -0.4143796384
  -0.5897120737
  -0.7291714653
  -0.8244067391
  -0.8697488223
  -0.8625480218
  -0.8033286888
  -0.6957521532
  -0.5463904911
  -0.3643250982
  -0.1605945811
   0.0524744680
   0.2620132453
   0.4553879395
   0.6209614299
   0.7487935568
   0.8312378289
   0.8633987488
   0.8434224093
   0.7726031167
   0.6552999236
   0.4986684323
   0.3122243636
   0.1072655045
  -0.1038128514
  -0.3082674963
  -0.4937766030
  -0.6491822844
  -0.7651616689
  -0.8347861352
  -0.8539351619
  -0.8215400780
  -0.7396433010
  -0.6132698054
  -0.4501188977
  -0.2600951960
  -0.0547073846
   0.1536287633
   0.3523408870
   0.5294586994
   0.6743350315
   0.7782858278
   0.8351106262
   0.8414623312
   0.7970442313
   0.7046226736
   0.5698549458
   0.4009430648
   0.2081346542
   0.0031012812
  -0.2017680374
  -0.3941153980
  -0.5623594136
  -0.6963924996
  -0.7881880626
  -0.8322811189
  -0.8260935679
  -0.7700847650
  -0.6677186105
  -0.5252494538
  -0.3513400380
  -0.1565348189
   0.0473793231
   0.2480862223
   0.4334842733
   0.5924160600
   0.7153397793
   0.7949020579
   0.8263777765
   0.8079505986
   0.7408175552
   0.6291116759
   0.4796476476
   0.3015061442
   0.1054821794
  -0.0965690095
  -0.2924489120
  -0.4703521741
  -0.6195780512
  -0.7311740096
  -0.7984727698
  -0.8174905783
  -0.7871629214
  -0.7094037392
  -0.5889848720
  -0.4332433176
  -0.2516342538
  -0.0551570532
   0.1443108690
   0.3347320308
   0.5046352865
   0.6438068221
   0.7439041229
   0.7989560080
   0.8057187649
   0.7638671464
   0.6760089923
   0.5475228956
   0.3862290082
   0.2019131305
   0.0057330430
  -0.1904569057
  -0.3748220736
  -0.5362613838
  -0.6650757105
  -0.7535505517
  -0.7964179869
  -0.7911702595
  -0.7382063244
  -0.6408028035
  -0.5049114045
  -0.3387953192
  -0.1525268101
   0.0426234693
   0.2348683984
   0.4126163001
   0.5651698426
   0.6833697948
   0.7601448983
   0.7909348462
   0.7739610704
   0.7103292660
   0.6039577527
   0.4613362971
   0.2911302306
   0.1036540115
  -0.0897537909
  -0.2774162186
  -0.4480228851
  -0.5913116162
  -0.6986856920
  -0.7637295693
  -0.7825921457
  -0.7542146754
  -0.6803898535
  -0.5656487926
  -0.4169830064
  -0.2434184522
  -0.0554675804
   0.1355073464
   0.3179811061
   0.4809610240
   0.6146491639
   0.7110313161
   0.7643573777
   0.7714843350
   0.7320613921
   0.6485463500
   0.5260525366
   0.3720358116
   0.1958407996
   0.0081339673
  -0.1797420663
  -0.3564539007
  -0.5113609942
  -0.6351563393
  -0.7204255990
  -0.7620911150
  -0.7577142021
  -0.7076377358
  -0.6149607057
  -0.4853465574
  -0.3266771690
  -0.1485735983
   0.0381872587
   0.2223247352
   0.3927357312
   0.5391641740
   0.6528182373
   0.7268981767
   0.7570030941
   0.7413923018
   0.6810857689
   0.5797978670
   0.4437086962
   0.2810870648
   0.1017881186
  -0.0833438599
  -0.2631312982
  -0.4267381607
  -0.5643230184
  -0.6676310028
  -0.7304890417
  -0.7491746676
  -0.7226363684
  -0.6525524433
  -0.5432250888
  -0.4013163868
  -0.2354423912
  -0.0556500416
   0.1271913414
   0.3020471268
   0.4583832905
   0.5868009945
   0.6796016017
   0.7312481640
   0.7386957215
   0.7015707137
   0.6221889387
   0.5054112531
   0.3583459960
   0.1899163481
   0.0103189577
  -0.1695933255
  -0.3389672430
  -0.4876038213
  -0.6065724766
  -0.6887475563
  -0.7292350830
  -0.7256641489
  -0.6783256135
  -0.5901499994
  -0.4665261966
  -0.3149721817
  -0.1446778704
   0.0340521023
   0.2104218904
   0.3737965084
   0.5143430821
   0.6236226168
   0.6950966695
   0.7245185083
   0.7101853608
   0.6530367728
   0.5565934085
   0.4267402572
   0.2713675895
   0.0998915669
  -0.0773163720
  -0.2495567720
  -0.4064481304
  -0.5385525790
  -0.6379435674
  -0.6986814029
  -0.7171681165
  -0.6923604535
  -0.6258283794
  -0.5216558335
  -0.3861899800
  -0.2276543365
  -0.0556493412
   0.1194293329
   0.2870194984
   0.4370302180
   0.5604501441
   0.6498898066
   0.7000252742
   0.7079166195
   0.6731822182
   0.5980186434
   0.4870652431
   0.3471218595
   0.1867369842
   0.0156914194
  -0.1555912387
  -0.3166716405
  -0.4577214154
  -0.5701118849
  -0.6469294416
  -0.6833868136
  -0.6771058199
  -0.6282550752
  -0.5395349400
  -0.4160112967
  -0.2648088992
  -0.0946835296
   0.0845005086
   0.2623553864
   0.4285813947
   0.5735679531
   0.6889475554
   0.7680693316
   0.8063640854
   0.8015795783
   0.7538730732
   0.6657571784
   0.5419043079
   0.3888239842
   0.2144351980
   0.0275625769
  -0.1626102232
  -0.3470940319
  -0.5176186271
  -0.6670945166
  -0.7899829970
  -0.8825520271
  -0.9430035783
  -0.9714672494
  -0.9698644350
  -0.9416565281
  -0.8914988485
  -0.8248286097
  -0.7474197279
  -0.6649392799
  -0.5825397236
  -0.5045176160
  -0.4340637256
  -0.3731215584
  -0.3223620290
  -0.2812720415
  -0.2483449608
  -0.2213521917
  -0.1976681334
  -0.1746163115
  -0.1498029410
  -0.1214057589
  -0.0883905809
  -0.0506352999
  -0.0089503014
   0.0350053472
   0.0789020884
   0.1199930488
   0.1554151672
   0.1825063506
   0.1991051065
   0.2038009627
   0.1961091688
   0.1765511696
   0.1466323031
   0.1087190561
   0.0658288260
   0.0213543307
  -0.0212484182
  -0.0587760678
  -0.0885652369
  -0.1087221106
  -0.1182718348
  -0.1172141659
  -0.1064820817
  -0.0878104398
  -0.0635311324
  -0.0363184832
  -0.0089131158
   0.0161462458
   0.0367556230
   0.0514208379
   0.0593595792
   0.0605238852
   0.0555453793
   0.0456138309
   0.0323062704
   0.0173882725
   0.0026107747
  -0.0104751598
  -0.0206666319
  -0.0272065888
  -0.0298238127
  -0.0287151098
  -0.0244761752
  -0.0179930538
  -0.0103098552
  -0.0024900747
   0.0045115777
   0.0099523664
   0.0133692934
   0.0146060473
   0.0137991833
   0.0113286842
   0.0077422139
   0.0036650980
  -0.0002909382
  -0.0036080344
  -0.0059216048
  -0.0070526284
  -0.0070107907
  -0.0059707091
  -0.0042271423
  -0.0021376570
  -0.0000623726
   0.0016899620
   0.0029020578
