  -0.0196230303
  -0.0588295651
  -0.0979316642
  -0.1368854983
  -0.1756216781
  -0.2140916026
  -0.2522273348
  -0.2899780504
  -0.3272790302
  -0.3640784125
  -0.4003148844
  -0.4359364729
  -0.4708851652
  -0.5051097049
  -0.5385552909
  -0.5711721000
  -0.6029085350
  -0.6337168090
  -0.6635485963
  -0.6923586494
  -0.7201020391
  -0.7467364779
  -0.7722205937
  -0.7965154142
  -0.8195833021
  -0.8413889022
  -0.8618984942
  -0.8810805977
  -0.8989055853
  -0.9153460702
  -0.9303766803
  -0.9439743073
  -0.9561179778
  -0.9667890145
  -0.9759709638
  -0.9836497004
  -0.9898133872
  -0.9944525419
  -0.9975600136
  -0.9991310235
  -0.9991631493
  -0.9976563467
  -0.9946129357
  -0.9900376075
  -0.9839374093
  -0.9763217398
  -0.9672023295
  -0.9565932268
  -0.9445107731
  -0.9309735802
  -0.9160024997
  -0.8996205923
  -0.8818530909
  -0.8627273633
  -0.8422728687
  -0.8205211131
  -0.7975056003
  -0.7732617809
  -0.7478269969
  -0.7212404248
  -0.6935430152
  -0.6647774294
  -0.6349879738
  -0.6042205320
  -0.5725224936
  -0.5399426817
  -0.5065312772
  -0.4723397421
  -0.4374207396
  -0.4018280535
  -0.3656165051
  -0.3288418688
  -0.2915607862
  -0.2538306790
  -0.2157096602
  -0.1772564451
  -0.1385302603
  -0.0995907530
  -0.0604978988
  -0.0213119094
   0.0179068601
   0.0570980041
   0.0962011598
   0.1351560998
   0.1739028252
   0.2123816578
   0.2505333321
   0.2882990865
   0.3256207539
   0.3624408513
   0.3987026684
   0.4343503545
   0.4693290051
   0.5035847464
   0.5370648176
   0.5697176532
   0.6014929615
   0.6323418026
   0.6622166636
   0.6910715318
   0.7188619656
   0.7455451629
   0.7710800268
   0.7954272296
   0.8185492725
   0.8404105439
   0.8609773741
   0.8802180873
   0.8981030499
   0.9146047169
   0.9296976735
   0.9433586751
   0.9555666822
   0.9663028936
   0.9755507748
   0.9832960837
   0.9895268927
   0.9942336066
   0.9974089779
   0.9990481174
   0.9991485024
   0.9977099800
   0.9947347676
   0.9902274494
   0.9841949694
   0.9766466208
   0.9675940314
   0.9570511458
   0.9450342042
   0.9315617169
   0.9166544362
   0.9003353242
   0.8826295175
   0.8635642885
   0.8431690035
   0.8214750771
   0.7985159242
   0.7743269084
   0.7489452875
   0.7224101560
   0.6947623853
   0.6660445602
   0.6363009137
   0.6055772587
   0.5739209174
   0.5413806486
   0.5080065725
   0.4738500933
   0.4389638205
   0.4034014874
   0.3672178685
   0.3304686952
   0.2932105699
   0.2555008789
   0.2173977039
   0.1789597326
   0.1402461681
   0.1013166383
   0.0622311033
   0.0230497635
