  -0.0049093258
  -0.0147255637
  -0.0245404241
  -0.0343529105
  -0.0441620600
  -0.0539669512
  -0.0637666301
  -0.0735601672
  -0.0833466092
  -0.0931250223
  -0.1028944569
  -0.1126539778
  -0.1224026392
  -0.1321395059
  -0.1418636359
  -0.1515740950
  -0.1612699451
  -0.1709502534
  -0.1806140857
  -0.1902605117
  -0.1998886008
  -0.2094974258
  -0.2190860602
  -0.2286535802
  -0.2381990634
  -0.2477215902
  -0.2572202425
  -0.2666941052
  -0.2761422650
  -0.2855638116
  -0.2949578367
  -0.3043234351
  -0.3136597042
  -0.3229657442
  -0.3322406582
  -0.3414835523
  -0.3506935357
  -0.3598697209
  -0.3690112235
  -0.3781171624
  -0.3871866601
  -0.3962188424
  -0.4052128390
  -0.4141677830
  -0.4230828114
  -0.4319570650
  -0.4407896885
  -0.4495798306
  -0.4583266443
  -0.4670292866
  -0.4756869187
  -0.4842987062
  -0.4928638192
  -0.5013814322
  -0.5098507244
  -0.5182708795
  -0.5266410859
  -0.5349605371
  -0.5432284312
  -0.5514439714
  -0.5596063660
  -0.5677148282
  -0.5757685766
  -0.5837668351
  -0.5917088328
  -0.5995938043
  -0.6074209897
  -0.6151896346
  -0.6228989903
  -0.6305483138
  -0.6381368680
  -0.6456639215
  -0.6531287488
  -0.6605306305
  -0.6678688533
  -0.6751427099
  -0.6823514994
  -0.6894945269
  -0.6965711041
  -0.7035805489
  -0.7105221859
  -0.7173953459
  -0.7241993667
  -0.7309335925
  -0.7375973742
  -0.7441900696
  -0.7507110434
  -0.7571596671
  -0.7635353193
  -0.7698373853
  -0.7760652580
  -0.7822183370
  -0.7882960294
  -0.7942977494
  -0.8002229187
  -0.8060709661
  -0.8118413281
  -0.8175334486
  -0.8231467789
  -0.8286807781
  -0.8341349128
  -0.8395086574
  -0.8448014940
  -0.8500129125
  -0.8551424107
  -0.8601894942
  -0.8651536765
  -0.8700344793
  -0.8748314321
  -0.8795440727
  -0.8841719469
  -0.8887146086
  -0.8931716201
  -0.8975425518
  -0.9018269825
  -0.9060244992
  -0.9101346975
  -0.9141571811
  -0.9180915624
  -0.9219374623
  -0.9256945101
  -0.9293623437
  -0.9329406097
  -0.9364289630
  -0.9398270677
  -0.9431345962
  -0.9463512296
  -0.9494766581
  -0.9525105804
  -0.9554527040
  -0.9583027456
  -0.9610604303
  -0.9637254924
  -0.9662976751
  -0.9687767305
  -0.9711624196
  -0.9734545125
  -0.9756527884
  -0.9777570353
  -0.9797670506
  -0.9816826403
  -0.9835036200
  -0.9852298142
  -0.9868610564
  -0.9883971895
  -0.9898380654
  -0.9911835453
  -0.9924334995
  -0.9935878075
  -0.9946463581
  -0.9956090492
  -0.9964757881
  -0.9972464913
  -0.9979210844
  -0.9984995025
  -0.9989816899
  -0.9993675999
  -0.9996571955
  -0.9998504488
  -0.9999473411
  -0.9999478630
  -0.9998520146
  -0.9996598051
  -0.9993712529
  -0.9989863860
  -0.9985052413
  -0.9979278653
  -0.9972543137
  -0.9964846512
  -0.9956189522
  -0.9946573000
  -0.9935997873
  -0.9924465160
  -0.9911975973
  -0.9898531516
  -0.9884133084
  -0.9868782065
  -0.9852479938
  -0.9835228274
  -0.9817028737
  -0.9797883079
  -0.9777793147
  -0.9756760877
  -0.9734788294
  -0.9711877518
  -0.9688030756
  -0.9663250306
  -0.9637538557
  -0.9610897986
  -0.9583331162
  -0.9554840740
  -0.9525429466
  -0.9495100176
  -0.9463855792
  -0.9431699326
  -0.9398633875
  -0.9364662628
  -0.9329788858
  -0.9294015926
  -0.9257347280
  -0.9219786453
  -0.9181337066
  -0.9142002824
  -0.9101787519
  -0.9060695025
  -0.9018729303
  -0.8975894398
  -0.8932194437
  -0.8887633633
  -0.8842216281
  -0.8795946756
  -0.8748829518
  -0.8700869109
  -0.8652070151
  -0.8602437346
  -0.8551975478
  -0.8500689410
  -0.8448584085
  -0.8395664525
  -0.8341935829
  -0.8287403177
  -0.8232071823
  -0.8175947100
  -0.8119034417
  -0.8061339259
  -0.8002867187
  -0.7943623835
  -0.7883614914
  -0.7822846207
  -0.7761323570
  -0.7699052933
  -0.7636040296
  -0.7572291734
  -0.7507813389
  -0.7442611477
  -0.7376692280
  -0.7310062151
  -0.7242727513
  -0.7174694854
  -0.7105970732
  -0.7036561769
  -0.6966474655
  -0.6895716144
  -0.6824293057
  -0.6752212276
  -0.6679480748
  -0.6606105483
  -0.6532093552
  -0.6457452089
  -0.6382188286
  -0.6306309398
  -0.6229822737
  -0.6152735675
  -0.6075055641
  -0.5996790121
  -0.5917946659
  -0.5838532852
  -0.5758556355
  -0.5678024875
  -0.5596946174
  -0.5515328065
  -0.5433178415
  -0.5350505140
  -0.5267316209
  -0.5183619638
  -0.5099423494
  -0.5014735892
  -0.4929564993
  -0.4843919006
  -0.4757806184
  -0.4671234827
  -0.4584213279
  -0.4496749925
  -0.4408853196
  -0.4320531563
  -0.4231793537
  -0.4142647670
  -0.4053102555
  -0.3963166821
  -0.3872849135
  -0.3782158202
  -0.3691102763
  -0.3599691593
  -0.3507933501
  -0.3415837331
  -0.3323411960
  -0.3230666293
  -0.3137609270
  -0.3044249859
  -0.2950597058
  -0.2856659892
  -0.2762447415
  -0.2667968707
  -0.2573232872
  -0.2478249041
  -0.2383026369
  -0.2287574032
  -0.2191901229
  -0.2096017182
  -0.1999931131
  -0.1903652335
  -0.1807190076
  -0.1710553647
  -0.1613752364
  -0.1516795556
  -0.1419692566
  -0.1322452753
  -0.1225085488
  -0.1127600156
  -0.1030006152
  -0.0932312880
  -0.0834529757
  -0.0736666207
  -0.0638731660
  -0.0540735556
  -0.0442687338
  -0.0344596457
  -0.0246472366
  -0.0148324521
  -0.0050162382
   0.0048004591
   0.0146166937
   0.0244315196
   0.0342439909
   0.0440531618
   0.0538580870
   0.0636578216
   0.0734514211
   0.0832379417
   0.0930164401
   0.1027859740
   0.1125456018
   0.1222943829
   0.1320313779
   0.1417556482
   0.1514662567
   0.1611622675
   0.1708427462
   0.1805067598
   0.1901533770
   0.1997816680
   0.2093907050
   0.2189795618
   0.2285473143
   0.2380930404
   0.2476158202
   0.2571147359
   0.2665888719
   0.2760373154
   0.2854591556
   0.2948534845
   0.3042193967
   0.3135559896
   0.3228623635
   0.3321376212
   0.3413808691
   0.3505912162
   0.3597677749
   0.3689096607
   0.3780159928
   0.3870858933
   0.3961184883
   0.4051129071
   0.4140682830
   0.4229837528
   0.4318584574
   0.4406915414
   0.4494821535
   0.4582294466
   0.4669325776
   0.4755907078
   0.4842030027
   0.4927686322
   0.5012867710
   0.5097565980
   0.5181772970
   0.5265480564
   0.5348680695
   0.5431365345
   0.5513526544
   0.5595156374
   0.5676246969
   0.5756790513
   0.5836779243
   0.5916205451
   0.5995061483
   0.6073339737
   0.6151032671
   0.6228132796
   0.6304632681
   0.6380524956
   0.6455802304
   0.6530457471
   0.6604483263
   0.6677872544
   0.6750618243
   0.6822713348
   0.6894150911
   0.6964924047
   0.7035025935
   0.7104449820
   0.7173189010
   0.7241236881
   0.7308586875
   0.7375232500
   0.7441167334
   0.7506385023
   0.7570879280
   0.7634643891
   0.7697672709
   0.7759959661
   0.7821498744
   0.7882284026
   0.7942309649
   0.8001569830
   0.8060058855
   0.8117771089
   0.8174700969
   0.8230843009
   0.8286191798
   0.8340742002
   0.8394488363
   0.8447425702
   0.8499548917
   0.8550852984
   0.8601332959
   0.8650983977
   0.8699801252
   0.8747780081
   0.8794915839
   0.8841203983
   0.8886640052
   0.8931219668
   0.8974938534
   0.9017792436
   0.9059777245
   0.9100888913
   0.9141123481
   0.9180477068
   0.9218945883
   0.9256526219
   0.9293214453
   0.9329007049
   0.9363900559
   0.9397891619
   0.9430976953
   0.9463153373
   0.9494417778
   0.9524767154
   0.9554198577
   0.9582709211
   0.9610296306
   0.9636957206
   0.9662689340
   0.9687490228
   0.9711357481
   0.9734288797
   0.9756281967
   0.9777334872
   0.9797445483
   0.9816611860
   0.9834832158
   0.9852104619
   0.9868427580
   0.9883799468
   0.9898218800
   0.9911684188
   0.9924194333
   0.9935748030
   0.9946344165
   0.9955981717
   0.9964659757
   0.9972377450
   0.9979134051
   0.9984928908
   0.9989761464
   0.9993631253
   0.9996537902
   0.9998481131
   0.9999460752
   0.9999476671
   0.9998528886
   0.9996617489
   0.9993742665
   0.9989904689
   0.9985103933
   0.9979340858
   0.9972616020
   0.9964930068
   0.9956283742
   0.9946677874
   0.9936113392
   0.9924591313
   0.9912112748
   0.9898678899
   0.9884291061
   0.9868950621
   0.9852659057
   0.9835417939
   0.9817228928
   0.9798093779
   0.9778014334
   0.9756992530
   0.9735030391
   0.9712130036
   0.9688293670
   0.9663523591
   0.9637822186
   0.9611191933
   0.9583635397
   0.9555155234
   0.9525754190
   0.9495435098
   0.9464200880
   0.9432054546
   0.9398999193
   0.9365038009
   0.9330174266
   0.9294411324
   0.9257752629
   0.9220201715
   0.9181762200
   0.9142437790
   0.9102232274
   0.9061149526
   0.9019193508
   0.8976368261
   0.8932677913
   0.8888126675
   0.8842718840
   0.8796458785
   0.8749350969
   0.8701399930
   0.8652610291
   0.8602986753
   0.8552534099
   0.8501257191
   0.8449160972
   0.8396250462
   0.8342530760
   0.8288007044
   0.8232684567
   0.8176568663
   0.8119664740
   0.8061978280
   0.8003514845
   0.7944280067
   0.7884279657
   0.7823519397
   0.7762005142
   0.7699742822
   0.7636738435
   0.7572998056
   0.7508527826
   0.7443333958
   0.7377422737
   0.7310800515
   0.7243473711
   0.7175448815
   0.7106732382
   0.7037331036
   0.6967251465
   0.6896500422
   0.6825084726
   0.6753011261
   0.6680286972
   0.6606918868
   0.6532914020
   0.6458279560
   0.6383022681
   0.6307150636
   0.6230670737
   0.6153590356
   0.6075916920
   0.5997657915
   0.5918820884
   0.5839413425
   0.5759443190
   0.5678917888
   0.5597845277
   0.5516233172
   0.5434089439
   0.5351421994
   0.5268238803
   0.5184547884
   0.5100357303
   0.5015675173
   0.4930509656
   0.4844868960
   0.4758761337
   0.4672195088
   0.4585178554
   0.4497720123
   0.4409828222
   0.4321511323
   0.4232777936
   0.4143636615
   0.4054095949
   0.3964164569
   0.3873851141
   0.3783164369
   0.3692112994
   0.3600705791
   0.3508951568
   0.3416859170
   0.3324437470
   0.3231695377
   0.3138641829
   0.3045285793
   0.2951636267
   0.2857702276
   0.2763492874
   0.2669017139
   0.2574284177
   0.2479303118
   0.2384083115
   0.2288633346
   0.2192963010
   0.2097081326
   0.2000997535
   0.1904720898
   0.1808260694
   0.1711626218
   0.1614826783
   0.1517871720
   0.1420770371
   0.1323532096
   0.1226166265
   0.1128682262
   0.1031089483
   0.0933397332
   0.0835615225
   0.0737752586
   0.0639818846
   0.0541823444
   0.0443775824
   0.0345685435
   0.0247561731
   0.0149414169
   0.0051252207
