  -0.1529672195
  -0.2522814421
  -0.3795377193
  -0.5089300006
  -0.6296370951
  -0.7363513923
  -0.8255742374
  -0.8949643354
  -0.9426886814
  -0.9676286889
  -0.9691285889
  -0.9471958968
  -0.9023338734
  -0.8356609039
  -0.7487747381
  -0.6438008190
  -0.5232705229
  -0.3901158918
  -0.2475538390
  -0.0990437462
   0.0518244398
   0.2013949181
   0.3460519916
   0.4822938325
   0.6068279374
   0.7166423452
   0.8090849963
   0.8819227112
   0.9333990764
   0.9622737433
   0.9678546797
   0.9500129255
   0.9091869770
   0.8463709251
   0.7630910873
   0.6613682790
   0.5436692710
   0.4128465936
   0.2720696920
   0.1247479200
