  -0.1604993570
  -0.3950109285
  -0.5960289877
  -0.7703323326
  -0.8858079569
  -0.9617810315
  -0.9638878886
  -0.9259266277
  -0.8127161241
  -0.6723282510
  -0.4686464131
  -0.2618341177
  -0.0134953520
   0.2078491815
   0.4448911505
   0.6253652420
   0.7982070665
   0.8920858985
   0.9632897661
   0.9453975775
   0.9016989118
   0.7733974945
   0.6286598993
   0.4175514258
   0.2092909516
  -0.0372775649
  -0.2569535744
  -0.4830319661
  -0.6599077733
  -0.8140850049
  -0.9047748882
  -0.9522119987
  -0.9344893868
  -0.8650054602
  -0.7430845570
  -0.5734003985
  -0.3769332879
  -0.1465648308
   0.0763928957
   0.3145964981
   0.5089728946
   0.7013887705
   0.8181324187
   0.9230385691
   0.9307200182
   0.9280853756
   0.8203264179
   0.7164090863
   0.5133974695
   0.3390796974
   0.0828299345
  -0.1138962533
  -0.3693965477
  -0.5349962502
  -0.7364104650
  -0.8246748350
  -0.9317213714
  -0.9148877399
  -0.9095960461
  -0.7850904297
  -0.6757359111
  -0.4669514218
  -0.2857621859
  -0.0367011335
   0.1680940198
   0.4030358905
   0.5789118392
   0.7475965767
   0.8504004388
   0.9150444030
   0.9196206431
   0.8654869420
   0.7717440316
   0.6103953179
   0.4433850283
   0.2097533474
   0.0137545779
  -0.2422514482
  -0.4142338370
  -0.6395758743
  -0.7384058594
  -0.8893991771
  -0.8815179410
  -0.9339936816
  -0.8094786884
  -0.7642277352
  -0.5393091954
  -0.4215357386
  -0.1349914057
   0.0120728586
   0.3077767534
   0.4335640892
   0.6842809547
   0.7433352211
   0.9055550774
   0.8687763143
   0.9193498669
   0.7813680182
   0.7223606926
   0.5032921508
   0.3608517711
   0.1020242238
  -0.0804332129
  -0.3257761706
  -0.4984143124
  -0.6772345594
  -0.7960804491
  -0.8676377278
  -0.9053722813
  -0.8504484074
  -0.8031371920
  -0.6282393154
  -0.5164063445
  -0.2519890645
  -0.1157808082
   0.1910579296
   0.3014704030
   0.5980623347
   0.6345696091
   0.8748787644
   0.8031491608
   0.9582101648
   0.7662691951
   0.8303984330
   0.5320506083
   0.5233799105
   0.1556724790
   0.1109075072
  -0.2737585415
  -0.3090814965
  -0.6543297148
  -0.6377488137
  -0.8954177997
  -0.7987637133
  -0.9390544186
  -0.7562989156
  -0.7735202264
  -0.5233736439
  -0.4359799985
  -0.1585999397
  -0.0035716726
   0.2478628974
   0.4249062286
   0.5957910532
   0.7523487529
   0.7987128214
   0.9062026192
   0.8044193558
   0.8554261992
   0.6073285528
   0.6175618211
   0.2498019394
   0.2542822237
  -0.1878650721
  -0.1434957406
  -0.6063808482
  -0.4773729288
  -0.9108216463
  -0.6649329047
  -1.0328888915
  -0.6593508554
  -0.9468060363
  -0.4605161355
  -0.6751223120
  -0.1150591696
  -0.2830892031
   0.2946947745
   0.1370183163
   0.6702040976
   0.4878907202
   0.9199949984
   0.6902582202
   0.9812387809
   0.7015861442
   0.8345301385
   0.5259807273
   0.5083969788
   0.2129880197
   0.0725101345
  -0.1543965040
  -0.3787648669
  -0.4796384258
  -0.7485548803
  -0.6757604960
  -0.9601430583
  -0.6861499461
  -0.9747532142
  -0.4981593458
  -0.8002707216
  -0.1463011511
  -0.4888740720
   0.2956948524
  -0.1241813493
   0.7320578468
   0.1990053324
   1.0673066946
   0.3975326538
   1.2284509869
   0.4198862917
   1.1818265343
   0.2586072696
   0.9406151237
  -0.0477911958
   0.5613136364
  -0.4238399280
   0.1300356602
  -0.7749095085
  -0.2580708046
  -1.0095616357
  -0.5213899865
  -1.0611668320
  -0.6110379195
  -0.9036873221
  -0.5221589571
  -0.5579171510
  -0.2946690405
  -0.0867367931
  -0.0033024200
   0.4194616901
   0.2606483219
   0.8637059350
   0.4115488146
   1.1647697542
   0.3903202765
   1.2756232057
   0.1790667533
   1.1936717210
  -0.1940242234
   0.9604086024
  -0.6606566813
   0.6506192771
  -1.1278539587
   0.3537486468
  -1.4991881422
   0.1518899586
  -1.6968018416
   0.0996399476
  -1.6790426263
   0.2106078736
  -1.4495845301
   0.4537774160
  -1.0559363203
   0.7605793498
  -0.5777506963
   1.0409953742
  -0.1077560951
   1.2048800151
   0.2701355949
   1.1834613673
   0.5003436552
   0.9459496912
   0.5681382895
   0.5073493390
   0.5022236297
  -0.0743453131
   0.3668085022
  -0.7108811121
   0.2450849847
  -1.3033788576
   0.2180687542
  -1.7642279805
   0.3438479226
  -2.0360919031
   0.6421828086
  -2.1035804022
   1.0881260500
  -1.9949007596
   1.6161950343
  -1.7731841035
   2.1341346513
  -1.5196309916
   2.5430483831
  -1.3125517137
   2.7591831196
  -1.2073366791
   2.7322780761
  -1.2221564818
   2.4562157240
  -1.3328191453
   1.9695430918
  -1.4780315477
   1.3458290735
  -1.5738411911
   0.6762188112
  -1.5338584749
   0.0483734711
  -1.2904921318
  -0.4731873561
  -0.8121924607
  -0.8606854293
  -0.1126413948
  -1.1274339303
   0.7502714291
  -1.3219606923
   1.6854434700
  -1.5133670789
   2.5869435607
  -1.7714714386
   3.3554838236
  -2.1465264876
   3.9179789986
  -2.6534031249
   4.2406778796
  -3.2640776174
   4.3329007272
  -3.9102974001
   4.2406595988
  -4.4958989637
   4.0318423013
  -4.9159781506
   3.7766356434
  -5.0785051485
   3.5279789020
  -4.9234112294
   3.3068125669
  -4.4347817812
   3.0957299046
  -3.6434228490
   2.8426267927
  -2.6193368263
   2.4735570668
  -1.4560088114
   1.9118023382
  -0.2503089732
   1.0986764049
   0.9171902140
   0.0111553079
   1.9968312411
  -1.3278464116
   2.9760232271
  -2.8490198964
   3.8755805145
  -4.4462041841
   4.7372665003
  -5.9937806088
   5.6056782358
  -7.3679639254
   6.5089748076
  -8.4671637107
   7.4432478356
  -9.2268587778
   8.3644876709
  -9.6257679715
   9.1903159569
  -9.6821909599
   9.8113572739
  -9.4417345691
  10.1098533488
  -8.9596780643
   9.9814181480
  -8.2824826775
   9.3550916095
  -7.4331223374
   8.2072452727
  -6.4039663558
   6.5663272149
  -5.1591078954
   4.5075641782
  -3.6457418229
   2.1390600646
  -1.8119956288
  -0.4173065476
   0.3729715843
  -3.0456394156
   2.9013892976
  -5.6518317767
   5.7160769102
  -8.1718553443
   8.7091608556
 -10.5708421416
  11.7308745618
 -12.8335428166
  14.6067121762
 -14.9488695347
  17.1593225282
 -16.8927027764
  19.2304980860
 -18.6136104184
  20.6986725966
 -20.0254835086
  21.4884699261
 -21.0094890947
  21.5707717467
 -21.4255561566
  20.9540322896
 -21.1313624068
  19.6696259827
 -20.0050077701
  17.7553802549
 -17.9666635906
  15.2417986980
 -14.9946835716
  12.1447386661
 -11.1329025027
   8.4666523979
  -6.4878345450
   4.2063296851
  -1.2167409355
  -0.6250860805
   4.4904693049
  -5.9856776451
  10.4312852462
 -11.7865186769
  16.4081416662
 -17.8818358660
  22.2398786057
 -24.0683934771
  27.7652432898
 -30.0948596628
  32.8387236879
 -35.6796683019
  37.3210622968
 -40.5340128077
  41.0682382474
 -44.3855630184
  43.9231521806
 -46.9985454971
  45.7135726600
 -48.1869604834
  46.2582626320
 -47.8196332606
  45.3810153069
 -45.8180037184
  42.9301687681
 -42.1494415916
  38.7996314749
 -36.8198984573
  32.9469828347
 -29.8695558301
  25.4049743690
 -21.3738180516
  16.2845516037
 -11.4499003257
   5.7698217181
  -0.2670182697
  -5.8925066739
  11.9434729583
 -18.4054761286
  24.8821293904
 -31.4324004681
  38.1828921166
 -44.6033488103
  51.4231720600
 -57.5176379929
  64.1412327831
 -69.7446289552
  75.8574988901
 -80.8264986765
  86.0955789808
 -90.2865687333
  94.3995182158
 -97.6451726025
 100.3458195787
-102.4425052244
 103.5512838397
-104.2654052092
 103.6796682049
-102.7735813000
 100.4507055277
 -97.7210084321
  93.6538937974
 -88.9699923125
  83.1671167083
 -76.4979690699
  68.9775900591
 -60.3993563242
  51.2009493198
 -40.8857440688
  30.0942107180
 -18.2870366060
   6.0598468620
   6.9457892461
 -20.3593860892
  34.2379191474
 -48.4930094374
  62.8910937756
 -77.5597752512
  92.0904877536
-106.6863277222
 120.9201692494
-134.9263263840
 148.3872098655
-161.2805499609
 173.4525985503
-184.7197200115
 195.0660637686
-204.2119165477
 212.2020188555
-218.7554987032
 223.8948678823
-227.4168715466
 229.2732237571
-229.3709579802
 227.5935193346
-223.9414399155
 218.2736063002
-210.6379677405
 200.9262238018
-189.1884116907
 175.3910625793
