  -0.1808154371
  -0.5072067195
  -0.7604015022
  -0.9114227174
  -0.9429025653
  -0.8522107507
  -0.6521597536
  -0.3694414327
  -0.0411625431
   0.2899876806
   0.5812735972
   0.7954213487
   0.9053842735
   0.8977547256
   0.7743917043
   0.5520674313
   0.2601931221
  -0.0630684545
  -0.3757902409
  -0.6377165530
  -0.8154427261
  -0.8866725909
  -0.8430115223
  -0.6909457179
  -0.4508948958
  -0.1544749302
   0.1596631991
   0.4508708656
   0.6817594233
   0.8229982480
   0.8570377714
   0.7802853210
   0.6034646417
   0.3501262450
   0.0535144771
  -0.2477923889
  -0.5148975761
  -0.7136049874
  -0.8187947587
  -0.8175956238
  -0.7109538781
  -0.5134085122
  -0.2511148649
   0.0416152664
   0.3267997714
   0.5677123795
   0.7336101818
   0.8036542563
   0.7695237277
   0.6363958274
   0.4221777084
   0.1551021006
  -0.1299909116
  -0.3961966450
  -0.6093210582
  -0.7422708478
  -0.7784950420
  -0.7140412602
  -0.5579717368
  -0.3310976542
  -0.0632075431
   0.2108415708
   0.4556576577
   0.6398824440
   0.7402059126
   0.7443128867
   0.6523896003
   0.4770066553
   0.2414055442
  -0.0235783835
  -0.2835494970
  -0.5050146423
  -0.6596962937
  -0.7281409132
  -0.7021623619
  -0.5858138888
  -0.3947742801
  -0.1542391412
   0.1043995857
   0.3476485868
   0.5442487002
   0.6691900239
   0.7068911331
   0.6531385782
   0.5155457370
   0.3124828569
   0.0706276627
  -0.1785372880
  -0.4028209027
  -0.5734807564
  -0.6689045596
  -0.6773446050
  -0.5983595568
  -0.4427872435
  -0.2312628925
   0.0085152540
   0.2454109476
   0.4488913949
   0.5929608142
   0.6594795496
   0.6404452234
   0.5389494332
   0.3686964550
   0.1521567303
  -0.0823965466
  -0.3045772156
  -0.4858210080
  -0.6030561407
  -0.6416381906
  -0.5971761902
  -0.4760226685
  -0.2943743748
  -0.0761100112
   0.1503467472
   0.3557270888
   0.5136983753
   0.6042386151
   0.6161718947
   0.5485439981
   0.4106694204
   0.2208535973
   0.0039650129
  -0.2118211136
  -0.3986814057
  -0.5327303040
  -0.5970714680
  -0.5839250192
  -0.4955631362
  -0.3439421976
  -0.1490886176
   0.0635441621
   0.2663989788
   0.4333848593
   0.5432312617
   0.5821956308
   0.5457798644
   0.4392416805
   0.2768438969
   0.0799478406
  -0.1257946050
  -0.3137814444
  -0.4598987021
  -0.5456120718
  -0.5603159094
  -0.5026421271
  -0.3805679094
  -0.2103172979
  -0.0142072882
   0.1822759001
   0.3537875571
   0.4783923303
   0.5403680246
   0.5321871823
   0.4554269798
   0.3204980600
   0.1452360633
  -0.0474540196
  -0.2325898002
  -0.3863491182
  -0.4891339340
  -0.5280666056
  -0.4986008100
  -0.4050459246
  -0.2599453185
  -0.0823972707
   0.1044570554
   0.2764483872
   0.4115042875
   0.4924804029
   0.5093350318
   0.4603714289
   0.3523945525
   0.1997701171
   0.0225154784
  -0.1563242113
  -0.3136708409
  -0.4293901462
  -0.4888666737
  -0.4848477821
  -0.4183242844
  -0.2983413159
  -0.1407717825
   0.0337816935
   0.2026792447
   0.3441789531
   0.4402343897
   0.4787947016
   0.4553142897
   0.3732832432
   0.2437174028
   0.0836815651
  -0.0859565035
  -0.2432458400
  -0.3679915271
  -0.4443463191
  -0.4628222309
  -0.4214669571
  -0.3260596027
  -0.1893077792
  -0.0291570525
   0.1335626087
   0.2778448954
   0.3852178137
   0.4421073014
   0.4415515323
   0.3840496352
   0.2774418006
   0.1358434471
  -0.0222220447
  -0.1762452337
  -0.3063906550
  -0.3960501356
  -0.4339608632
  -0.4156182620
  -0.3438066950
  -0.2281861062
  -0.0839949440
   0.0699567677
   0.2137400767
   0.3288858175
   0.4007558581
   0.4204025849
   0.3856806022
   0.3014728250
   0.1790083966
   0.0343671583
  -0.1136303814
  -0.2458708628
  -0.3454154453
  -0.3996683534
  -0.4019691242
  -0.3524074809
  -0.2577615136
  -0.1305736604
   0.0125099206
   0.1529169308
   0.2725587639
   0.3561600592
   0.3932081291
   0.3792736730
   0.3165371399
   0.2134587910
   0.0836414262
  -0.0559614884
  -0.1872562570
  -0.2933496815
  -0.3607171439
  -0.3809196258
  -0.3516515025
  -0.2769889014
  -0.1668125185
  -0.0354855026
   0.1000374416
   0.2224214376
   0.3161954136
   0.3697385656
   0.3767543996
   0.3370452360
   0.2564914650
   0.1462429195
   0.0212311131
  -0.1018022431
  -0.2065041276
  -0.2790526487
  -0.3099682989
  -0.2953635379
  -0.2374736325
  -0.1444045465
  -0.0291338811
   0.0921045065
   0.2018446258
   0.2835640123
   0.3237374618
   0.3135141366
   0.2498142168
   0.1357172597
  -0.0198946440
  -0.2033819095
  -0.3979389294
  -0.5855253787
  -0.7488937943
  -0.8734649472
  -0.9488294944
  -0.9697089127
  -0.9362828682
  -0.8538736318
  -0.7320595788
  -0.5833584643
  -0.4216683168
  -0.2606739156
  -0.1124182762
   0.0137962421
   0.1120676772
   0.1800722290
   0.2187855718
   0.2318333793
   0.2246004318
   0.2032494681
   0.1737988883
   0.1413842561
   0.1097873838
   0.0812660874
   0.0566661418
   0.0357528815
   0.0176700422
   0.0014218379
  -0.0137182989
  -0.0279449586
  -0.0408414483
  -0.0514820014
  -0.0586773350
  -0.0612988521
  -0.0586043979
  -0.0504918728
  -0.0376248006
  -0.0214020858
  -0.0037767994
   0.0130406256
   0.0269368223
   0.0362391015
   0.0399830967
   0.0380552440
   0.0311859652
   0.0207983796
   0.0087444110
  -0.0030199307
  -0.0127591452
  -0.0192246613
  -0.0218188831
  -0.0206342283
  -0.0163691784
  -0.0101461068
  -0.0032721410
   0.0030082895
   0.0077231018
   0.0103095423
   0.0106607123
   0.0090828753
   0.0061817964
   0.0027081241
  -0.0006035631
  -0.0031701976
  -0.0046471747
  -0.0049563307
  -0.0042576314
  -0.0028782620
  -0.0012196281
   0.0003355484
   0.0014970392
   0.0021095870
   0.0021602210
   0.0017546238
   0.0010727081
   0.0003164270
  -0.0003375903
  -0.0007711245
  -0.0009384644
  -0.0008618421
  -0.0006126587
  -0.0002853826
   0.0000285676
   0.0002609748
   0.0003775199
   0.0003784030
   0.0002907569
   0.0001563124
   0.0000182308
  -0.0000895567
  -0.0001484436
  -0.0001561585
  -0.0001235328
  -0.0000687519
  -0.0000110792
   0.0000342457
   0.0000589020
   0.0000619336
   0.0000481923
   0.0000256441
   0.0000025117
  -0.0000149557
  -0.0000236413
  -0.0000235937
  -0.0000171999
  -0.0000079315
   0.0000008871
   0.0000069542
   0.0000093573
   0.0000084559
   0.0000054383
   0.0000017607
  -0.0000013406
  -0.0000031430
  -0.0000035033
  -0.0000027381
  -0.0000014017
  -0.0000000561
   0.0000008978
   0.0000012929
   0.0000011791
   0.0000007447
   0.0000002190
  -0.0000002094
  -0.0000004392
  -0.0000004608
  -0.0000003324
  -0.0000001410
   0.0000000333
   0.0000001410
   0.0000001690
   0.0000001339
   0.0000000673
   0.0000000008
  -0.0000000440
  -0.0000000595
  -0.0000000504
  -0.0000000277
  -0.0000000034
   0.0000000138
   0.0000000205
   0.0000000180
   0.0000000103
   0.0000000018
  -0.0000000044
  -0.0000000070
  -0.0000000062
  -0.0000000036
  -0.0000000006
   0.0000000015
   0.0000000023
   0.0000000021
   0.0000000011
   0.0000000002
  -0.0000000005
  -0.0000000008
  -0.0000000007
  -0.0000000003
  -0.0000000000
   0.0000000002
   0.0000000003
   0.0000000002
   0.0000000001
  -0.0000000000
  -0.0000000001
  -0.0000000001
  -0.0000000001
  -0.0000000000
   0.0000000000
   0.0000000000
   0.0000000000
   0.0000000000
   0.0000000000
  -0.0000000000
  -0.0000000000
  -0.0000000000
  -0.0000000000
  -0.0000000000
   0.0000000000
   0.0000000000
   0.0000000000
   0.0000000000
  -0.0000000000
  -0.0000000000
  -0.0000000000
  -0.0000000000
  -0.0000000000
   0.0000000000
   0.0000000000
   0.0000000000
   0.0000000000
  -0.0000000000
  -0.0000000000
  -0.0000000000
  -0.0000000000
  -0.0000000000
   0.0000000000
   0.0000000000
   0.0000000000
   0.0000000000
  -0.0000000000
  -0.0000000000
  -0.0000000000
  -0.0000000000
  -0.0000000000
   0.0000000000
   0.0000000000
   0.0000000000
   0.0000000000
  -0.0000000000
  -0.0000000000
  -0.0000000000
  -0.0000000000
   0.0000000000
   0.0000000000
   0.0000000000
   0.0000000000
   0.0000000000
  -0.0000000000
  -0.0000000000
  -0.0000000000
  -0.0000000000
