  -0.0098162577
  -0.0163598787
  -0.0250833775
  -0.0345316086
  -0.0442188647
  -0.0539826569
  -0.0637681618
  -0.0735565055
  -0.0833407432
  -0.0931179528
  -0.1028865147
  -0.1126452763
  -0.1223932147
  -0.1321293727
  -0.1418527983
  -0.1515625561
  -0.1612577058
  -0.1709373156
  -0.1806004503
  -0.1902461803
  -0.1998735745
  -0.2094817064
  -0.2190696488
  -0.2286364787
  -0.2381812733
  -0.2477031133
  -0.2572010806
  -0.2666742601
  -0.2761217387
  -0.2855426059
  -0.2949359537
  -0.3043008770
  -0.3136364731
  -0.3229418424
  -0.3322160879
  -0.3414583159
  -0.3506676357
  -0.3598431598
  -0.3689840038
  -0.3780892867
  -0.3871581311
  -0.3961896630
  -0.4051830119
  -0.4141373110
  -0.4230516975
  -0.4319253122
  -0.4407572998
  -0.4495468093
  -0.4582929934
  -0.4669950094
  -0.4756520185
  -0.4842631864
  -0.4928276832
  -0.5013446835
  -0.5098133665
  -0.5182329160
  -0.5266025205
  -0.5349213735
  -0.5431886731
  -0.5514036228
  -0.5595654306
  -0.5676733101
  -0.5757264798
  -0.5837241636
  -0.5916655907
  -0.5995499957
  -0.6073766189
  -0.6151447059
  -0.6228535080
  -0.6305022823
  -0.6380902917
  -0.6456168049
  -0.6530810964
  -0.6604824470
  -0.6678201432
  -0.6750934781
  -0.6823017504
  -0.6894442657
  -0.6965203355
  -0.7035292778
  -0.7104704171
  -0.7173430846
  -0.7241466178
  -0.7308803610
  -0.7375436654
  -0.7441358887
  -0.7506563955
  -0.7571045575
  -0.7634797532
  -0.7697813683
  -0.7760087953
  -0.7821614341
  -0.7882386918
  -0.7942399827
  -0.8001647283
  -0.8060123578
  -0.8117823074
  -0.8174740212
  -0.8230869506
  -0.8286205546
  -0.8340742999
  -0.8394476610
  -0.8447401200
  -0.8499511668
  -0.8550802992
  -0.8601270228
  -0.8650908514
  -0.8699713064
  -0.8747679176
  -0.8794802227
  -0.8841077676
  -0.8886501061
  -0.8931068007
  -0.8974774216
  -0.9017615479
  -0.9059587665
  -0.9100686729
  -0.9140908711
  -0.9180249734
  -0.9218706007
  -0.9256273823
  -0.9292949562
  -0.9328729689
  -0.9363610756
  -0.9397589401
  -0.9430662350
  -0.9462826415
  -0.9494078496
  -0.9524415581
  -0.9553834747
  -0.9582333158
  -0.9609908067
  -0.9636556818
  -0.9662276842
  -0.9687065660
  -0.9710920884
  -0.9733840213
  -0.9755821439
  -0.9776862445
  -0.9796961201
  -0.9816115771
  -0.9834324309
  -0.9851585060
  -0.9867896360
  -0.9883256639
  -0.9897664414
  -0.9911118298
  -0.9923616994
  -0.9935159297
  -0.9945744095
  -0.9955370369
  -0.9964037189
  -0.9971743722
  -0.9978489224
  -0.9984273045
  -0.9989094627
  -0.9992953507
  -0.9995849312
  -0.9997781763
  -0.9998750674
  -0.9998755951
  -0.9997797594
  -0.9995875696
  -0.9992990441
  -0.9989142107
  -0.9984331067
  -0.9978557782
  -0.9971822810
  -0.9964126800
  -0.9955470493
  -0.9945854723
  -0.9935280419
  -0.9923748597
  -0.9911260371
  -0.9897816942
  -0.9883419608
  -0.9868069756
  -0.9851768864
  -0.9834518505
  -0.9816320340
  -0.9797176123
  -0.9777087700
  -0.9756057006
  -0.9734086068
  -0.9711177004
  -0.9687332022
  -0.9662553420
  -0.9636843585
  -0.9610204995
  -0.9582640219
  -0.9554151911
  -0.9524742819
  -0.9494415776
  -0.9463173706
  -0.9431019618
  -0.9397956612
  -0.9363987874
  -0.9329116679
  -0.9293346387
  -0.9256680444
  -0.9219122386
  -0.9180675831
  -0.9141344486
  -0.9101132139
  -0.9060042668
  -0.9018080032
  -0.8975248275
  -0.8931551525
  -0.8886993993
  -0.8841579974
  -0.8795313845
  -0.8748200064
  -0.8700243172
  -0.8651447791
  -0.8601818623
  -0.8551360452
  -0.8500078140
  -0.8447976630
  -0.8395060944
  -0.8341336180
  -0.8286807517
  -0.8231480210
  -0.8175359591
  -0.8118451069
  -0.8060760128
  -0.8002292328
  -0.7943053305
  -0.7883048767
  -0.7822284497
  -0.7760766352
  -0.7698500260
  -0.7635492223
  -0.7571748312
  -0.7507274671
  -0.7442077514
  -0.7376163124
  -0.7309537854
  -0.7242208125
  -0.7174180425
  -0.7105461311
  -0.7036057406
  -0.6965975398
  -0.6895222042
  -0.6823804156
  -0.6751728624
  -0.6679002392
  -0.6605632469
  -0.6531625925
  -0.6456989894
  -0.6381731568
  -0.6305858201
  -0.6229377105
  -0.6152295650
  -0.6074621265
  -0.5996361437
  -0.5917523708
  -0.5838115675
  -0.5758144992
  -0.5677619366
  -0.5596546557
  -0.5514934379
  -0.5432790698
  -0.5350123430
  -0.5266940542
  -0.5183250051
  -0.5099060022
  -0.5014378570
  -0.4929213855
  -0.4843574086
  -0.4757467516
  -0.4670902444
  -0.4583887212
  -0.4496430206
  -0.4408539856
  -0.4320224631
  -0.4231493043
  -0.4142353644
  -0.4052815024
  -0.3962885813
  -0.3872574678
  -0.3781890322
  -0.3690841486
  -0.3599436943
  -0.3507685504
  -0.3415596011
  -0.3323177338
  -0.3230438394
  -0.3137388115
  -0.3044035470
  -0.2950389455
  -0.2856459095
  -0.2762253443
  -0.2667781579
  -0.2573052607
  -0.2478075656
  -0.2382859879
  -0.2287414455
  -0.2191748580
  -0.2095871475
  -0.1999792380
  -0.1903520555
  -0.1807065277
  -0.1710435844
  -0.1613641567
  -0.1516691775
  -0.1419595811
  -0.1322363034
  -0.1225002814
  -0.1127524535
  -0.1029937590
  -0.0932251385
  -0.0834475335
  -0.0736618862
  -0.0638691397
  -0.0540702379
  -0.0442661251
  -0.0344577461
  -0.0246460464
  -0.0148319713
  -0.0050164670
   0.0047995209
   0.0146150461
   0.0244291627
   0.0342409249
   0.0440493871
   0.0538536040
   0.0636526307
   0.0734455228
   0.0832313365
   0.0930091287
   0.1027779570
   0.1125368801
   0.1222849573
   0.1320212492
   0.1417448175
   0.1514547250
   0.1611500360
   0.1708298160
   0.1804931322
   0.1901390532
   0.1997666495
   0.2093749932
   0.2189631582
   0.2285302205
   0.2380752580
   0.2475973510
   0.2570955816
   0.2665690344
   0.2760167966
   0.2854379574
   0.2948316090
   0.3041968461
   0.3135327660
   0.3228384691
   0.3321130584
   0.3413556402
   0.3505653236
   0.3597412211
   0.3688824484
   0.3779881244
   0.3870573716
   0.3960893160
   0.4050830871
   0.4140378181
   0.4229526460
   0.4318267117
   0.4406591598
   0.4494491392
   0.4581958027
   0.4668983074
   0.4755558145
   0.4841674897
   0.4927325031
   0.5012500291
   0.5097192469
   0.5181393403
   0.5265094977
   0.5348289126
   0.5430967830
   0.5513123123
   0.5594747086
   0.5675831853
   0.5756369608
   0.5836352591
   0.5915773093
   0.5994623459
   0.6072896091
   0.6150583445
   0.6227678034
   0.6304172427
   0.6380059253
   0.6455331198
   0.6529981007
   0.6604001487
   0.6677385503
   0.6750125983
   0.6822215916
   0.6893648356
   0.6964416417
   0.7034513279
   0.7103932188
   0.7172666451
   0.7240709446
   0.7308054614
   0.7374695465
   0.7440625577
   0.7505838595
   0.7570328235
   0.7634088281
   0.7697112589
   0.7759395084
   0.7820929764
   0.7881710698
   0.7941732030
   0.8000987973
   0.8059472818
   0.8117180928
   0.8174106741
   0.8230244771
   0.8285589607
   0.8340135917
   0.8393878442
   0.8446812004
   0.8498931501
   0.8550231909
   0.8600708285
   0.8650355765
   0.8699169563
   0.8747144974
   0.8794277376
   0.8840562226
   0.8885995063
   0.8930571508
   0.8974287266
   0.9017138123
   0.9059119950
   0.9100228701
   0.9140460413
   0.9179811209
   0.9218277297
   0.9255854970
   0.9292540607
   0.9328330670
   0.9363221712
   0.9397210370
   0.9430293368
   0.9462467517
   0.9493729717
   0.9524076955
   0.9553506307
   0.9582014935
   0.9609600092
   0.9636259121
   0.9661989451
   0.9686788603
   0.9710654187
   0.9733583902
   0.9755575540
   0.9776626980
   0.9796736193
   0.9815901243
   0.9834120280
   0.9851391551
   0.9867713389
   0.9883084223
   0.9897502571
   0.9910967043
   0.9923476341
   0.9935029260
   0.9945624687
   0.9955261601
   0.9963939072
   0.9971656265
   0.9978412435
   0.9984206932
   0.9989039197
   0.9992908764
   0.9995815261
   0.9997758407
   0.9998738015
   0.9998753991
   0.9997806333
   0.9995895132
   0.9993020573
   0.9989182933
   0.9984382582
   0.9978619982
   0.9971895688
   0.9964210349
   0.9955564705
   0.9945959590
   0.9935395929
   0.9923874741
   0.9911397135
   0.9897964314
   0.9883577574
   0.9868238299
   0.9851947970
   0.9834708155
   0.9816520516
   0.9797386807
   0.9777308870
   0.9756288642
   0.9734328147
   0.9711429503
   0.9687594916
   0.9662826684
   0.9637127193
   0.9610498920
   0.9582944431
   0.9554466383
   0.9525067519
   0.9494750674
   0.9463518768
   0.9431374812
   0.9398321903
   0.9364363228
   0.9329502059
   0.9293741755
   0.9257085764
   0.9219537617
   0.9181100934
   0.9141779419
   0.9101576862
   0.9060497137
   0.9018544203
   0.8975722103
   0.8932034965
   0.8887486998
   0.8842082497
   0.8795825837
   0.8748721476
   0.8700773953
   0.8651987891
   0.8602367990
   0.8551919032
   0.8500645880
   0.8448553475
   0.8395646838
   0.8341931067
   0.8287411340
   0.8232092910
   0.8175981109
   0.8119081345
   0.8061399102
   0.8002939939
   0.7943709489
   0.7883713461
   0.7822957638
   0.7761447875
   0.7699190099
   0.7636190310
   0.7572454582
   0.7507989055
   0.7442799943
   0.7376893529
   0.7310276164
   0.7242954268
   0.7174934331
   0.7106222906
   0.7036826617
   0.6966752151
   0.6896006262
   0.6824595768
   0.6752527551
   0.6679808557
   0.6606445794
   0.6532446333
   0.6457817305
   0.6382565902
   0.6306699378
   0.6230225043
   0.6153150268
   0.6075482481
   0.5997229168
   0.5918397870
   0.5838996184
   0.5759031763
   0.5678512313
   0.5597445595
   0.5515839421
   0.5433701656
   0.5351040217
   0.5267863069
   0.5184178229
   0.5099993763
   0.5015317783
   0.4930158450
   0.4844523971
   0.4758422600
   0.4671862635
   0.4584852417
   0.4497400333
   0.4409514810
   0.4321204320
   0.4232477371
   0.4143342517
   0.4053808346
   0.3963883489
   0.3873576611
   0.3782896416
   0.3691851644
   0.3600451068
   0.3508703497
   0.3416617775
   0.3324202775
   0.3231467404
   0.3138420599
   0.3045071328
   0.2951428588
   0.2857501403
   0.2763298826
   0.2668829935
   0.2574103835
   0.2479129656
   0.2383916549
   0.2288473692
   0.2192810283
   0.2096935542
   0.2000858708
   0.1904589040
   0.1808135818
   0.1711508336
   0.1614715908
   0.1517767861
   0.1420673539
   0.1323442299
   0.1226083513
   0.1128606562
   0.1031020843
   0.0933335758
   0.0835560724
   0.0737705162
   0.0639778505
   0.0541790188
   0.0443749657
   0.0345666360
   0.0247549750
   0.0149409282
   0.0051254416
