  -0.1237126409
  -0.3593092603
  -0.5709936594
  -0.7470772096
  -0.8774506274
  -0.9545098030
  -0.9737679395
  -0.9341898375
  -0.8382765235
  -0.6919191408
  -0.5040416136
  -0.2860582196
  -0.0511807714
   0.1863818836
   0.4122833070
   0.6129057837
   0.7761811675
   0.8923167695
   0.9543826270
   0.9587249376
   0.9051809967
   0.7970830061
   0.6410508863
   0.4465869636
   0.2254973445
  -0.0088247954
  -0.2422104986
  -0.4605717505
  -0.6507518414
  -0.8013180397
  -0.9032488233
  -0.9504743594
  -0.9402378590
  -0.8732562983
  -0.7536711498
  -0.5887924600
  -0.3886520788
  -0.1653933423
   0.0674656653
   0.2958505741
   0.5059813647
   0.6852037691
   0.8227512758
   0.9103918591
   0.9429205842
   0.9184686175
   0.8386103016
   0.7082621800
   0.5353804244
   0.3304752798
   0.1059721548
  -0.1245418066
  -0.3471399899
  -0.5483976529
  -0.7162015203
  -0.8404788095
  -0.9138018152
  -0.9318317674
  -0.8935754436
  -0.8014393673
  -0.6610786673
  -0.4810500780
  -0.2722903659
  -0.0474519703
   0.1798637872
   0.3959294569
   0.5877204123
   0.7436999434
   0.8545131713
   0.9135480485
   0.9173298070
   0.8657253274
   0.7619454181
   0.6123452168
   0.4260351098
   0.2143259863
  -0.0099573969
  -0.2332532619
  -0.4420828114
  -0.6238638083
  -0.7676686282
  -0.8648811156
  -0.9097127644
  -0.8995473015
  -0.8350931679
  -0.7203350225
  -0.5622875410
  -0.3705667167
  -0.1568048559
   0.0660551449
   0.2845434267
   0.4854772586
   0.6567563929
   0.7880916982
   0.8716232005
   0.9023904096
   0.8786267913
   0.8018609117
   0.6768184804
   0.5111315489
   0.3148727519
   0.0999430125
  -0.1206500731
  -0.3335794180
  -0.5260035591
  -0.6863410666
  -0.8049675513
  -0.8747933223
  -0.8916870296
  -0.8547199791
  -0.7662166816
  -0.6316089155
  -0.4591024550
  -0.2591769034
  -0.0439491164
   0.1735611198
   0.3802186563
   0.5635661564
   0.7125749843
   0.8183085494
   0.8744582083
   0.8777195951
   0.8279869313
   0.7283539016
   0.5849213748
   0.4064239098
   0.2036979086
  -0.0109762050
  -0.2246178487
  -0.4243311336
  -0.5980832498
  -0.7354294078
  -0.8281406601
  -0.8706968705
  -0.8606153009
  -0.7985952633
  -0.6884704197
  -0.5369719422
  -0.3533171569
  -0.1486488049
   0.0646409675
   0.2736608826
   0.4657996450
   0.6294868101
   0.7548895056
   0.8345030538
   0.8636000229
   0.8405108396
   0.7667193150
   0.6467676329
   0.4879768671
   0.3000002168
   0.0942362195
  -0.1168623919
  -0.3205422838
  -0.5045199655
  -0.6577225417
  -0.7709541034
  -0.8374476567
  -0.8532694660
  -0.8175516544
  -0.7325393165
  -0.6034496177
  -0.4381517111
  -0.2466871032
  -0.0406597002
   0.1674674181
   0.3651258817
   0.5404009714
   0.6827497912
   0.7836353855
   0.8370386643
   0.8398174414
   0.7918911739
   0.6962405500
   0.5587222696
   0.3877105173
   0.1935870708
  -0.0118889111
  -0.2162931686
  -0.4072875466
  -0.5733647076
  -0.7045414049
  -0.7929585512
  -0.8333520173
  -0.8233659594
  -0.7636900328
  -0.6580125106
  -0.5127924542
  -0.3368650032
  -0.1409038993
   0.0632260611
   0.2631873631
   0.4469154104
   0.6033464020
   0.7230835358
   0.7989614273
   0.8264748435
   0.8040461036
   0.7331152815
   0.6180480683
   0.4658671732
   0.2858237812
   0.0888352146
  -0.1131770222
  -0.3080086808
  -0.4839100334
  -0.6302944273
  -0.7383754036
  -0.8016940395
  -0.8165048671
  -0.7819973152
  -0.7003395878
  -0.5765426364
  -0.4181527488
  -0.2347916079
  -0.0375718495
   0.1615763823
   0.3506270731
   0.5181845203
   0.6541702129
   0.7504290076
   0.8012181455
   0.8035497904
   0.7573666598
   0.6655404344
   0.5336933474
   0.3698540288
   0.1839686660
  -0.0127027557
  -0.2082684889
  -0.3909240237
  -0.5496645823
  -0.6749481064
  -0.7592687965
  -0.7976067330
  -0.7877266499
  -0.7303080811
  -0.6288993151
  -0.4896982413
  -0.3211736143
  -0.1335498793
   0.0618131090
   0.2531078429
   0.4287927588
   0.5782885502
   0.6926151883
   0.7649312964
   0.7909434837
   0.7691611496
   0.7009816442
   0.5906009338
   0.4447554671
   0.2723111148
   0.0837242641
  -0.1095921799
  -0.2959594455
  -0.4641384062
  -0.6040073364
  -0.7071710402
  -0.7674647000
  -0.7813222075
  -0.7479869751
  -0.6695527712
  -0.5508324075
  -0.3990625032
  -0.2234624300
  -0.0346743178
   0.1558818678
   0.3366990953
   0.4968781035
   0.6267843489
   0.7186274699
   0.7669284181
   0.7688462503
   0.7243450923
   0.6361914728
   0.5097824783
   0.3528153964
   0.1748190632
  -0.0134245531
  -0.2005334246
  -0.3752136369
  -0.5269410576
  -0.6465953578
  -0.7270081933
  -0.7633925985
  -0.7536278764
  -0.6983830321
  -0.6010715793
  -0.4676407363
  -0.3062080236
  -0.1265674665
   0.0604045647
   0.2434078316
   0.4114011599
   0.5542685551
   0.6634283168
   0.7323484779
   0.7569376118
   0.7357876298
   0.6702541656
   0.5643699732
   0.4245968562
   0.2594313793
   0.0788884212
  -0.1061060452
  -0.2843761298
  -0.4451711504
  -0.5788139251
  -0.6772831402
  -0.7346947482
  -0.7476535097
  -0.7154536781
  -0.6401169726
  -0.5262658271
  -0.3808398509
  -0.2126728888
  -0.0319564529
   0.1503778827
   0.3233197032
   0.4764445932
   0.6005424556
   0.6881714380
   0.7341041556
   0.7356394565
   0.6927611392
   0.6081343059
   0.4869398490
   0.3365573439
   0.1661157518
  -0.0140607145
  -0.1930779281
  -0.3601305152
  -0.5051540278
  -0.6194312644
  -0.6961162114
  -0.7306441170
  -0.7210031380
  -0.6678513976
  -0.5744726550
  -0.4465735391
  -0.2919348625
  -0.1199383156
   0.0590026688
   0.2340733582
   0.3947113031
   0.5312435639
   0.6354691390
   0.7011515285
   0.7243918513
   0.7038601957
   0.6408714818
   0.5393015235
   0.4053486323
   0.2471554226
   0.0743138899
  -0.1027161575
  -0.2732400526
  -0.4269743118
  -0.5546667365
  -0.6486531839
  -0.7033175019
  -0.7154270255
  -0.6843235941
  -0.6119588020
  -0.5027716196
  -0.3634160380
  -0.2023554328
  -0.0293483549
   0.1451430304
   0.3105860241
   0.4570137167
   0.5756261526
   0.6593201231
   0.7031157521
   0.7044543239
   0.6633496232
   0.5823839326
   0.4665492227
   0.3229434155
   0.1603403240
  -0.0113405442
  -0.1816321441
  -0.3401498144
  -0.4772149355
  -0.5844347758
  -0.6552037330
  -0.6850960296
  -0.6721265862
  -0.6168648538
  -0.5223953536
  -0.3941279988
  -0.2394703902
  -0.0673826260
   0.1121577591
   0.2887477456
   0.4521713728
   0.5929954947
   0.7031126075
   0.7761980869
   0.8080546775
   0.7968242761
   0.7430554823
   0.6496245470
   0.5215166329
   0.3654831374
   0.1895986307
   0.0027472374
  -0.1859274042
  -0.3675724104
  -0.5341403145
  -0.6788350587
  -0.7964612719
  -0.8836557433
  -0.9389884218
  -0.9629295976
  -0.9576894863
  -0.9269455600
  -0.8754809752
  -0.8087637100
  -0.7325000545
  -0.6521975353
  -0.5727710442
  -0.4982219449
  -0.4314135044
  -0.3739576461
  -0.3262183891
  -0.2874272362
  -0.2558960566
  -0.2293045505
  -0.2050329522
  -0.1805068624
  -0.1535203821
  -0.1225061865
  -0.0867266391
  -0.0463680355
  -0.0025298382
   0.0428886142
   0.0873910311
   0.1281546864
   0.1623395689
   0.1874032511
   0.2013880288
   0.2031498556
   0.1925047915
   0.1702774666
   0.1382464884
   0.0989926708
   0.0556662505
   0.0116977335
  -0.0295172258
  -0.0649261073
  -0.0920893491
  -0.1093847047
  -0.1161265971
  -0.1125903976
  -0.0999419033
  -0.0800823506
  -0.0554279480
  -0.0286492195
  -0.0023987700
   0.0209438461
   0.0394845583
   0.0519646798
   0.0578361301
   0.0572584999
   0.0510231033
   0.0404167855
   0.0270440567
   0.0126295592
  -0.0011763273
  -0.0129677289
  -0.0217123963
  -0.0268284373
  -0.0282040564
  -0.0261624740
  -0.0213803356
  -0.0147727313
  -0.0073609431
  -0.0001399653
   0.0060383200
   0.0105534332
   0.0130675813
   0.0135366575
   0.0121829894
   0.0094366044
   0.0058553747
   0.0020364139
  -0.0014686530
  -0.0042234077
  -0.0059531287
  -0.0065637242
  -0.0061330328
  -0.0048783957
  -0.0031075466
  -0.0011617321
   0.0006396310
   0.0020445225
   0.0028981281
