  -0.0098234960
  -0.0294485358
  -0.0490625590
  -0.0686576007
  -0.0882259722
  -0.1077603212
  -0.1272530475
  -0.1466967576
  -0.1660838825
  -0.1854070253
  -0.2046586806
  -0.2238314785
  -0.2429179893
  -0.2619108901
  -0.2808028337
  -0.2995865610
  -0.3182548147
  -0.3368004142
  -0.3552162003
  -0.3734950846
  -0.3916300148
  -0.4096140073
  -0.4274401263
  -0.4451015051
  -0.4625913338
  -0.4799028740
  -0.4970294517
  -0.5139644678
  -0.5307013940
  -0.5472337806
  -0.5635552553
  -0.5796595280
  -0.5955403916
  -0.6111917258
  -0.6266074980
  -0.6417817671
  -0.6567086847
  -0.6713824977
  -0.6857975507
  -0.6999482881
  -0.7138292559
  -0.7274351043
  -0.7407605895
  -0.7538005756
  -0.7665500369
  -0.7790040597
  -0.7911578440
  -0.8030067057
  -0.8145460780
  -0.8257715136
  -0.8366786861
  -0.8472633917
  -0.8575215511
  -0.8674492105
  -0.8770425438
  -0.8862978537
  -0.8952115730
  -0.9037802662
  -0.9120006311
  -0.9198694993
  -0.9273838381
  -0.9345407515
  -0.9413374810
  -0.9477714073
  -0.9538400505
  -0.9595410718
  -0.9648722740
  -0.9698316024
  -0.9744171456
  -0.9786271364
  -0.9824599521
  -0.9859141157
  -0.9889882957
  -0.9916813076
  -0.9939921133
  -0.9959198222
  -0.9974636915
  -0.9986231262
  -0.9993976793
  -0.9997870524
  -0.9997910956
  -0.9994098071
  -0.9986433341
  -0.9974919719
  -0.9959561644
  -0.9940365035
  -0.9917337290
  -0.9890487285
  -0.9859825369
  -0.9825363360
  -0.9787114539
  -0.9745093649
  -0.9699316885
  -0.9649801890
  -0.9596567749
  -0.9539634979
  -0.9479025522
  -0.9414762739
  -0.9346871397
  -0.9275377663
  -0.9200309092
  -0.9121694615
  -0.9039564533
  -0.8953950500
  -0.8864885512
  -0.8772403897
  -0.8676541298
  -0.8577334662
  -0.8474822225
  -0.8369043496
  -0.8260039245
  -0.8147851482
  -0.8032523447
  -0.7914099589
  -0.7792625550
  -0.7668148148
  -0.7540715358
  -0.7410376294
  -0.7277181191
  -0.7141181384
  -0.7002429290
  -0.6860978384
  -0.6716883185
  -0.6570199228
  -0.6420983048
  -0.6269292154
  -0.6115185010
  -0.5958721011
  -0.5799960460
  -0.5638964546
  -0.5475795319
  -0.5310515665
  -0.5143189287
  -0.4973880673
  -0.4802655077
  -0.4629578493
  -0.4454717626
  -0.4278139869
  -0.4099913279
  -0.3920106545
  -0.3738788967
  -0.3556030428
  -0.3371901366
  -0.3186472745
  -0.2999816032
  -0.2812003167
  -0.2623106536
  -0.2433198942
  -0.2242353576
  -0.2050643995
  -0.1858144084
  -0.1664928036
  -0.1471070319
  -0.1276645647
  -0.1081728954
  -0.0886395364
  -0.0690720161
  -0.0494778760
  -0.0298646679
  -0.0102399510
   0.0093887111
   0.0290137532
   0.0486276117
   0.0682227271
   0.0877915472
   0.1073265300
   0.1268201464
   0.1462648835
   0.1656532468
   0.1849777641
   0.2042309872
   0.2234054960
   0.2424939001
   0.2614888428
   0.2803830032
   0.2991690992
   0.3178398905
   0.3363881811
   0.3548068223
   0.3730887154
   0.3912268143
   0.4092141283
   0.4270437249
   0.4447087325
   0.4622023427
   0.4795178132
   0.4966484706
   0.5135877124
   0.5303290101
   0.5468659114
   0.5631920427
   0.5793011119
   0.5951869103
   0.6108433153
   0.6262642928
   0.6414438994
   0.6563762846
   0.6710556935
   0.6854764683
   0.6996330512
   0.7135199860
   0.7271319206
   0.7404636088
   0.7535099125
   0.7662658033
   0.7787263652
   0.7908867956
   0.8027424079
   0.8142886327
   0.8255210199
   0.8364352406
   0.8470270883
   0.8572924807
   0.8672274616
   0.8768282017
   0.8860910011
   0.8950122895
   0.9035886288
   0.9118167135
   0.9196933725
   0.9272155699
   0.9343804068
   0.9411851216
   0.9476270918
   0.9537038346
   0.9594130081
   0.9647524117
   0.9697199878
   0.9743138217
   0.9785321429
   0.9823733258
   0.9858358898
   0.9889185006
   0.9916199699
   0.9939392568
   0.9958754673
   0.9974278553
   0.9985958224
   0.9993789185
   0.9997768419
   0.9997894391
   0.9994167055
   0.9986587846
   0.9975159686
   0.9959886980
   0.9940775614
   0.9917832955
   0.9891067845
   0.9860490600
   0.9826113005
   0.9787948309
   0.9746011223
   0.9700317910
   0.9650885980
   0.9597734486
   0.9540883913
   0.9480356172
   0.9416174592
   0.9348363908
   0.9276950258
   0.9201961164
   0.9123425528
   0.9041373620
   0.8955837063
   0.8866848824
   0.8774443202
   0.8678655809
   0.8579523565
   0.8477084675
   0.8371378623
   0.8262446147
   0.8150329233
   0.8035071092
   0.7916716145
   0.7795310009
   0.7670899476
   0.7543532493
   0.7413258152
   0.7280126660
   0.7144189330
   0.7005498552
   0.6864107781
   0.6720071510
   0.6573445252
   0.6424285520
   0.6272649801
   0.6118596538
   0.5962185106
   0.5803475786
   0.5642529748
   0.5479409023
   0.5314176479
   0.5146895799
   0.4977631455
   0.4806448684
   0.4633413462
   0.4458592479
   0.4282053114
   0.4103863406
   0.3924092032
   0.3742808279
   0.3560082015
   0.3375983666
   0.3190584185
   0.3003955028
   0.2816168123
   0.2627295847
   0.2437410993
   0.2246586746
   0.2054896650
   0.1862414585
   0.1669214738
   0.1475371569
   0.1280959788
   0.1086054324
   0.0890730295
   0.0695062982
   0.0499127797
   0.0303000256
   0.0106755950
