   0.1611421751   0.4124853336   0.5844139274   0.7097933877   0.8301238998   0.9849234512   1.2015598831   1.4877802742   1.8286032089   2.1882927143   2.5170275617   2.7608564657   2.8728110701   2.8227909000   2.6040938983   2.2351864978   1.7563319429   1.2218021460   0.6893464485   0.2091745606
  -0.0704545612  -0.3893244540  -0.8751092789  -1.4054668836  -1.8385154445  -2.0433609815  -1.9289783336  -1.4651952769  -0.6911774047   0.2905367174   1.3333157728   2.2750452570   2.9700784080   3.3178215261   3.2819663067   2.8963843288   2.2565510844   1.4984522790   0.7695774803   0.1982545224
  -0.3378383660  -1.2478580650  -2.3507838138  -3.4532892848  -4.3397589454  -4.8161390854  -4.7509227834  -4.1044978363  -2.9404434155  -1.4161165807   0.2457776082   1.7989220721   3.0199021655   3.7499591300   3.9234544966   3.5773342786   2.8398979661   1.9015295736   0.9738030343   0.2457306894
  -0.5725635850  -1.9443246288  -3.4702902608  -4.9250469492  -6.0663124564  -6.6818717508  -6.6328150207  -5.8839345680  -4.5146515920  -2.7078032031  -0.7181887068   1.1730189726   2.7089433239   3.7026439733   4.0686714359   3.8344285388   3.1294358186   2.1551658229   1.1420696125   0.3029321719
  -0.7112044975  -2.2892146376  -3.9293134476  -5.4248063978  -6.5639229433  -7.1682079880  -7.1270954949  -6.4214894041  -5.1312243577  -3.4244434736  -1.5305562840   0.2982331383   1.8295110062   2.8891996662   3.3887457886   3.3359572760   2.8278204907   2.0272537132   1.1289160996   0.3212375570
  -0.7173200274  -2.1872361908  -3.5945633946  -4.8015181669  -5.6805673554  -6.1339314814  -6.1099815443  -5.6133312870  -4.7064535577  -3.5021486502  -2.1478711241  -0.8044439787   0.3772525752   1.2776512924   1.8243376978   1.9998265417   1.8402623779   1.4257085759   0.8641867464   0.2726538258
  -0.5944518471  -1.6727825300  -2.5556858401  -3.2105793762  -3.6309627188  -3.8304435677  -3.8350582205  -3.6758841739  -3.3835973536  -2.9859199464  -2.5080183138  -1.9750619133  -1.4155481243  -0.8637791482  -0.3600979010   0.0519021886   0.3311281328   0.4467455297   0.3862822620   0.1620695279
  -0.3852323057  -0.9021352615  -1.1053100557  -1.0794783293  -0.9492150462  -0.8463222328  -0.8772153726  -1.0976582013  -1.5004043061  -2.0183136880  -2.5419782659  -2.9475981248  -3.1285301245  -3.0230960654  -2.6320737056  -2.0216157405  -1.3106355926  -0.6452344645  -0.1657356414   0.0263295455
  -0.1567995981  -0.1041102350   0.3484066241   1.0149779821   1.6600575813   2.0529417271   2.0208287021   1.4886334066   0.4968253117  -0.8065810049  -2.1980542232  -3.4274764482  -4.2731380936  -4.5906231928  -4.3447491527  -3.6174460370  -2.5897500685  -1.5017862267  -0.5994768506  -0.0796703217
   0.0222045343   0.4940166533   1.4082169633   2.5191972117   3.5265279536   4.1420069672   4.1542385644   3.4766167338   2.1682055928   0.4229226014  -1.4706560515  -3.1901403673  -4.4475894065  -5.0503405654  -4.9411732912  -4.2090804738  -3.0683292205  -1.8104070089  -0.7393614826  -0.1046629438
   0.1046629448   0.7393614850   1.8104070121   3.0683292238   4.2090804765   4.9411732926   5.0503405653   4.4475894051   3.1901403650   1.4706560490  -0.4229226033  -2.1682055932  -3.4766167324  -4.1542385612  -4.1420069624  -3.5265279479  -2.5191972060  -1.4082169585  -0.4940166503  -0.0222045335
   0.0796703223   0.5994768517   1.5017862277   2.5897500690   3.6174460364   4.3447491508   4.5906231899   4.2731380902   3.4274764450   2.1980542211   0.8065810046  -0.4968253099  -1.4886334024  -2.0208286959  -2.0529417198  -1.6600575737  -1.0149779754  -0.3484066191   0.1041102376   0.1567995982
  -0.0263295457   0.1657356410   0.6452344633   1.3106355904   2.0216157373   2.6320737015   3.0230960609   3.1285301204   2.9475981219   2.5419782650   2.0183136895   1.5004043101   1.0976582075   0.8772153803   0.8463222409   0.9492150538   1.0794783353   1.1053100595   0.9021352628   0.3852323045
  -0.1620695290  -0.3862822638  -0.4467455324  -0.3311281366  -0.0519021932   0.3600978962   0.8637791437   1.4155481209   1.9750619118   2.5080183146   2.9859199496   3.3835973589   3.6758841806   3.8350582278   3.8304435746   3.6309627245   3.2105793798   2.5556858415   1.6727825292   0.5944518446
  -0.2726538275  -0.8641867489  -1.4257085794  -1.8402623821  -1.9998265462  -1.8243377019  -1.2776512955  -0.3772525768   0.8044439790   2.1478711264   3.5021486542   4.7064535629   5.6133312926   6.1099815495   6.1339314854   5.6805673577   4.8015181672   3.5945633930   2.1872361878   0.7173200238
  -0.3212375589  -1.1289161022  -2.0272537165  -2.8278204942  -3.3359572792  -3.3887457910  -2.8891996673  -1.8295110058  -0.2982331364   1.5305562871   3.4244434774   5.1312243614   6.4214894072   7.1270954966   7.1682079880   6.5639229414   5.4248063944   3.9293134433   2.2892146330   0.7112044935
  -0.3029321736  -1.1420696148  -2.1551658254  -3.1294358208  -3.8344285403  -4.0686714364  -3.7026439725  -2.7089433220  -1.1730189699   0.7181887097   2.7078032055   4.5146515933   5.8839345677   6.6328150185   6.6818717468   6.0663124509   4.9250469430   3.4702902546   1.9443246235   0.5725635813
  -0.2457306907  -0.9738030360  -1.9015295752  -2.8398979671  -3.5773342787  -3.9234544956  -3.7499591281  -3.0199021632  -1.7989220698  -0.2457776065   1.4161165810   2.9404434140   4.1044978328   4.7509227779   4.8161390785   4.3397589378   3.4532892773   2.3507838073   1.2478580602   0.3378383633
  -0.1982545235  -0.7695774816  -1.4984522800  -2.2565510847  -2.8963843282  -3.2819663054  -3.3178215243  -2.9700784062  -2.2750452560  -1.3333157731  -0.2905367195   0.6911774007   1.4651952710   1.9289783263   2.0433609735   1.8385154366   1.4054668766   0.8751092736   0.3893244506   0.0704545600
  -0.2091745619  -0.6893464499  -1.2218021471  -1.7563319433  -2.2351864976  -2.6040938977  -2.8227908994  -2.8728110700  -2.7608564666  -2.5170275641  -2.1882927183  -1.8286032145  -1.4877802810  -1.2015598904  -0.9849234584  -0.8301239061  -0.7097933926  -0.5844139305  -0.4124853350  -0.1611421748
