   0.1611421751  -0.0704545612  -0.3378383660  -0.5725635850  -0.7112044975  -0.7173200274  -0.5944518471  -0.3852323057  -0.1567995981   0.0222045343   0.1046629448   0.0796703223  -0.0263295457  -0.1620695290  -0.2726538275  -0.3212375589  -0.3029321736  -0.2457306907  -0.1982545235  -0.2091745619
   0.4124853336  -0.3893244540  -1.2478580650  -1.9443246288  -2.2892146376  -2.1872361908  -1.6727825300  -0.9021352615  -0.1041102350   0.4940166533   0.7393614850   0.5994768517   0.1657356410  -0.3862822638  -0.8641867489  -1.1289161022  -1.1420696148  -0.9738030360  -0.7695774816  -0.6893464499
   0.5844139274  -0.8751092789  -2.3507838138  -3.4702902608  -3.9293134476  -3.5945633946  -2.5556858401  -1.1053100557   0.3484066241   1.4082169633   1.8104070121   1.5017862277   0.6452344633  -0.4467455324  -1.4257085794  -2.0272537165  -2.1551658254  -1.9015295752  -1.4984522800  -1.2218021471
   0.7097933877  -1.4054668836  -3.4532892848  -4.9250469492  -5.4248063978  -4.8015181669  -3.2105793762  -1.0794783293   1.0149779821   2.5191972117   3.0683292238   2.5897500690   1.3106355904  -0.3311281366  -1.8402623821  -2.8278204942  -3.1294358208  -2.8398979671  -2.2565510847  -1.7563319433
   0.8301238998  -1.8385154445  -4.3397589454  -6.0663124564  -6.5639229433  -5.6805673554  -3.6309627188  -0.9492150462   1.6600575813   3.5265279536   4.2090804765   3.6174460364   2.0216157373  -0.0519021932  -1.9998265462  -3.3359572792  -3.8344285403  -3.5773342787  -2.8963843282  -2.2351864976
   0.9849234512  -2.0433609815  -4.8161390854  -6.6818717508  -7.1682079880  -6.1339314814  -3.8304435677  -0.8463222328   2.0529417271   4.1420069672   4.9411732926   4.3447491508   2.6320737015   0.3600978962  -1.8243377019  -3.3887457910  -4.0686714364  -3.9234544956  -3.2819663054  -2.6040938977
   1.2015598831  -1.9289783336  -4.7509227834  -6.6328150207  -7.1270954949  -6.1099815443  -3.8350582205  -0.8772153726   2.0208287021   4.1542385644   5.0503405653   4.5906231899   3.0230960609   0.8637791437  -1.2776512955  -2.8891996673  -3.7026439725  -3.7499591281  -3.3178215243  -2.8227908994
   1.4877802742  -1.4651952769  -4.1044978363  -5.8839345680  -6.4214894041  -5.6133312870  -3.6758841739  -1.0976582013   1.4886334066   3.4766167338   4.4475894051   4.2731380902   3.1285301204   1.4155481209  -0.3772525768  -1.8295110058  -2.7089433220  -3.0199021632  -2.9700784062  -2.8728110700
   1.8286032089  -0.6911774047  -2.9404434155  -4.5146515920  -5.1312243577  -4.7064535577  -3.3835973536  -1.5004043061   0.4968253117   2.1682055928   3.1901403650   3.4274764450   2.9475981219   1.9750619118   0.8044439790  -0.2982331364  -1.1730189699  -1.7989220698  -2.2750452560  -2.7608564666
   2.1882927143   0.2905367174  -1.4161165807  -2.7078032031  -3.4244434736  -3.5021486502  -2.9859199464  -2.0183136880  -0.8065810049   0.4229226014   1.4706560490   2.1980542211   2.5419782650   2.5080183146   2.1478711264   1.5305562871   0.7181887097  -0.2457776065  -1.3333157731  -2.5170275641
   2.5170275617   1.3333157728   0.2457776082  -0.7181887068  -1.5305562840  -2.1478711241  -2.5080183138  -2.5419782659  -2.1980542232  -1.4706560515  -0.4229226033   0.8065810046   2.0183136895   2.9859199496   3.5021486542   3.4244434774   2.7078032055   1.4161165810  -0.2905367195  -2.1882927183
   2.7608564657   2.2750452570   1.7989220721   1.1730189726   0.2982331383  -0.8044439787  -1.9750619133  -2.9475981248  -3.4274764482  -3.1901403673  -2.1682055932  -0.4968253099   1.5004043101   3.3835973589   4.7064535629   5.1312243614   4.5146515933   2.9404434140   0.6911774007  -1.8286032145
   2.8728110701   2.9700784080   3.0199021655   2.7089433239   1.8295110062   0.3772525752  -1.4155481243  -3.1285301245  -4.2731380936  -4.4475894065  -3.4766167324  -1.4886334024   1.0976582075   3.6758841806   5.6133312926   6.4214894072   5.8839345677   4.1044978328   1.4651952710  -1.4877802810
   2.8227909000   3.3178215261   3.7499591300   3.7026439733   2.8891996662   1.2776512924  -0.8637791482  -3.0230960654  -4.5906231928  -5.0503405654  -4.1542385612  -2.0208286959   0.8772153803   3.8350582278   6.1099815495   7.1270954966   6.6328150185   4.7509227779   1.9289783263  -1.2015598904
   2.6040938983   3.2819663067   3.9234544966   4.0686714359   3.3887457886   1.8243376978  -0.3600979010  -2.6320737056  -4.3447491527  -4.9411732912  -4.1420069624  -2.0529417198   0.8463222409   3.8304435746   6.1339314854   7.1682079880   6.6818717468   4.8161390785   2.0433609735  -0.9849234584
   2.2351864978   2.8963843288   3.5773342786   3.8344285388   3.3359572760   1.9998265417   0.0519021886  -2.0216157405  -3.6174460370  -4.2090804738  -3.5265279479  -1.6600575737   0.9492150538   3.6309627245   5.6805673577   6.5639229414   6.0663124509   4.3397589378   1.8385154366  -0.8301239061
   1.7563319429   2.2565510844   2.8398979661   3.1294358186   2.8278204907   1.8402623779   0.3311281328  -1.3106355926  -2.5897500685  -3.0683292205  -2.5191972060  -1.0149779754   1.0794783353   3.2105793798   4.8015181672   5.4248063944   4.9250469430   3.4532892773   1.4054668766  -0.7097933926
   1.2218021460   1.4984522790   1.9015295736   2.1551658229   2.0272537132   1.4257085759   0.4467455297  -0.6452344645  -1.5017862267  -1.8104070089  -1.4082169585  -0.3484066191   1.1053100595   2.5556858415   3.5945633930   3.9293134433   3.4702902546   2.3507838073   0.8751092736  -0.5844139305
   0.6893464485   0.7695774803   0.9738030343   1.1420696125   1.1289160996   0.8641867464   0.3862822620  -0.1657356414  -0.5994768506  -0.7393614826  -0.4940166503   0.1041102376   0.9021352628   1.6727825292   2.1872361878   2.2892146330   1.9443246235   1.2478580602   0.3893244506  -0.4124853350
   0.2091745606   0.1982545224   0.2457306894   0.3029321719   0.3212375570   0.2726538258   0.1620695279   0.0263295455  -0.0796703217  -0.1046629438  -0.0222045335   0.1567995982   0.3852323045   0.5944518446   0.7173200238   0.7112044935   0.5725635813   0.3378383633   0.0704545600  -0.1611421748
