   0.1609833962   0.4137314852   0.5888365799   0.7181630471   0.8419944388   0.9986892490   1.2147748094   1.4976704165   1.8326627493   2.1848338840   2.5055651769   2.7422431200   2.8490928955   2.7968142062   2.5789468350   2.2135954398   1.7401418623   1.2116517350   0.6846062375   0.2081590144
  -0.0683325369  -0.3783074994  -0.8506311058  -1.3659281198  -1.7858442910  -1.9828096087  -1.8681889773  -1.4127287773  -0.6548145201   0.3053601402   1.3246059305   2.2446454163   2.9232775856   3.2622609727   3.2260781120   2.8476959056   2.2202165352   1.4763209063   0.7599921259   0.1966136474
  -0.3331647206  -1.2274283045  -2.3085361206  -3.3875240077  -4.2538777756  -4.7182988484  -4.6526572406  -4.0185843981  -2.8784567345  -1.3861816241   0.2405598016   1.7610439228   2.9568950088   3.6728335898   3.8444674462   3.5075552513   2.7870872993   1.8687699730   0.9591612202   0.2430023260
  -0.5657837842  -1.9174019518  -3.4172829887  -4.8448318110  -5.9633005335  -6.5655690480  -6.5162910412  -5.7814976861  -4.4392033294  -2.6684168908  -0.7184151745   1.1357663093   2.6427972936   3.6196124964   3.9822381903   3.7569275423   3.0697449124   2.1171907138   1.1243168877   0.2992343178
  -0.7034005871  -2.2606928520  -3.8758274090  -5.3462828639  -6.4649618815  -7.0576340411  -7.0166208885  -6.3237386302  -5.0575103075  -3.3827427127  -1.5240948558   0.2714953643   1.7763938837   2.8199170579   3.3149079027   3.2683717744   2.7745394459   1.9922555385   1.1116723201   0.3172240931
  -0.7099055133  -2.1627125396  -3.5515910503  -4.7412774428  -5.6068979501  -6.0529702594  -6.0293417718  -5.5409628165  -4.6493929363  -3.4653956386  -2.1336073154  -0.8117439832   0.3521632466   1.2406450175   1.7822899275   1.9593923640   1.8067602956   1.4023198935   0.8516095624   0.2692544226
  -0.5887404017  -1.6569765515  -2.5319711325  -3.1813394195  -3.5984865707  -3.7967276462  -3.8017181770  -3.6441657985  -3.3544534730  -2.9601083763  -2.4861764361  -1.9577257322  -1.4031043173  -0.8563623082  -0.3574658077   0.0504701779   0.3268640265   0.4413233969   0.3816351591   0.1601084902
  -0.3820286047  -0.8974991287  -1.1048773227  -1.0866024185  -0.9642557749  -0.8666463569  -0.8978944652  -1.1126950070  -1.5042028188  -2.0070561443  -2.5145952250  -2.9061104869  -3.0776836844  -2.9693685813  -2.5822761939  -1.9814023608  -1.2832594231  -0.6308343613  -0.1613234159   0.0261669244
  -0.1561557587  -0.1100909685   0.3274512166   0.9750550353   1.6025714105   1.9845154446   1.9519483319   1.4314135398   0.4623877301  -0.8105397007  -2.1689715224  -3.3685334979  -4.1926348981  -4.5002548467  -4.2571593521  -3.5435926757  -2.5366592732  -1.4711865487  -0.5876128986  -0.0783368591
   0.0209811164   0.4808073786   1.3732027879   2.4581074599   3.4418594713   4.0427400938   4.0541060334   3.3912979513   2.1120539495   0.4059362495  -1.4449615996  -3.1254950465  -4.3542005114  -4.9427601996  -4.8352642513  -4.1187390454  -3.0026754297  -1.7720500834  -0.7241130564  -0.1027541836
   0.1027541846   0.7241130588   1.7720500866   3.0026754330   4.1187390480   4.8352642527   4.9427601995   4.3542005100   3.1254950442   1.4449615972  -0.4059362512  -2.1120539499  -3.3912979499  -4.0541060302  -4.0427400891  -3.4418594657  -2.4581074543  -1.3732027832  -0.4808073756  -0.0209811155
   0.0783368596   0.5876128997   1.4711865498   2.5366592736   3.5435926750   4.2571593503   4.5002548439   4.1926348948   3.3685334948   2.1689715204   0.8105397004  -0.4623877282  -1.4314135357  -1.9519483259  -1.9845154374  -1.6025714031  -0.9750550287  -0.3274512117   0.1100909711   0.1561557588
  -0.0261669246   0.1613234154   0.6308343602   1.2832594209   1.9814023576   2.5822761899   2.9693685770   3.0776836805   2.9061104842   2.5145952241   2.0070561458   1.5042028228   1.1126950131   0.8978944727   0.8666463649   0.9642557823   1.0866024244   1.1048773264   0.8974991299   0.3820286035
  -0.1601084913  -0.3816351609  -0.4413233996  -0.3268640302  -0.0504701824   0.3574658030   0.8563623038   1.4031043141   1.9577257307   2.4861764369   2.9601083794   3.3544534782   3.6441658051   3.8017181842   3.7967276530   3.5984865762   3.1813394231   2.5319711338   1.6569765507   0.5887403992
  -0.2692544242  -0.8516095649  -1.4023198969  -1.8067602997  -1.9593923683  -1.7822899316  -1.2406450206  -0.3521632482   0.8117439835   2.1336073176   3.4653956425   4.6493929414   5.5409628220   6.0293417769   6.0529702633   5.6068979522   4.7412774430   3.5515910487   2.1627125367   0.7099055097
  -0.3172240950  -1.1116723227  -1.9922555416  -2.7745394493  -3.2683717776  -3.3149079050  -2.8199170590  -1.7763938834  -0.2714953625   1.5240948588   3.3827427164   5.0575103112   6.3237386332   7.0166208901   7.0576340410   6.4649618797   5.3462828606   3.8758274047   2.2606928474   0.7034005831
  -0.2992343194  -1.1243168899  -2.1171907162  -3.0697449146  -3.7569275438  -3.9822381907  -3.6196124957  -2.6427972918  -1.1357663067   0.7184151773   2.6684168931   4.4392033306   5.7814976858   6.5162910390   6.5655690441   5.9633005281   4.8448318049   3.4172829826   1.9174019465   0.5657837806
  -0.2430023273  -0.9591612219  -1.8687699745  -2.7870873003  -3.5075552514  -3.8444674453  -3.6728335880  -2.9568950065  -1.7610439206  -0.2405598001   1.3861816243   2.8784567329   4.0185843945   4.6526572352   4.7182988416   4.2538777681   3.3875240003   2.3085361141   1.2274282998   0.3331647180
  -0.1966136485  -0.7599921272  -1.4763209073  -2.2202165355  -2.8476959051  -3.2260781107  -3.2622609710  -2.9232775839  -2.2446454153  -1.3246059308  -0.3053601423   0.6548145161   1.4127287714   1.8681889701   1.9828096008   1.7858442832   1.3659281129   0.8506311005   0.3783074961   0.0683325358
  -0.2081590157  -0.6846062389  -1.2116517361  -1.7401418628  -2.2135954396  -2.5789468344  -2.7968142056  -2.8490928954  -2.7422431210  -2.5055651793  -2.1848338881  -1.8326627549  -1.4976704231  -1.2147748166  -0.9986892561  -0.8419944449  -0.7181630519  -0.5888365830  -0.4137314865  -0.1609833959
