   0.1609833962  -0.0683325369  -0.3331647206  -0.5657837842  -0.7034005871  -0.7099055133  -0.5887404017  -0.3820286047  -0.1561557587   0.0209811164   0.1027541846   0.0783368596  -0.0261669246  -0.1601084913  -0.2692544242  -0.3172240950  -0.2992343194  -0.2430023273  -0.1966136485  -0.2081590157
   0.4137314852  -0.3783074994  -1.2274283045  -1.9174019518  -2.2606928520  -2.1627125396  -1.6569765515  -0.8974991287  -0.1100909685   0.4808073786   0.7241130588   0.5876128997   0.1613234154  -0.3816351609  -0.8516095649  -1.1116723227  -1.1243168899  -0.9591612219  -0.7599921272  -0.6846062389
   0.5888365799  -0.8506311058  -2.3085361206  -3.4172829887  -3.8758274090  -3.5515910503  -2.5319711325  -1.1048773227   0.3274512166   1.3732027879   1.7720500866   1.4711865498   0.6308343602  -0.4413233996  -1.4023198969  -1.9922555416  -2.1171907162  -1.8687699745  -1.4763209073  -1.2116517361
   0.7181630471  -1.3659281198  -3.3875240077  -4.8448318110  -5.3462828639  -4.7412774428  -3.1813394195  -1.0866024185   0.9750550353   2.4581074599   3.0026754330   2.5366592736   1.2832594209  -0.3268640302  -1.8067602997  -2.7745394493  -3.0697449146  -2.7870873003  -2.2202165355  -1.7401418628
   0.8419944388  -1.7858442910  -4.2538777756  -5.9633005335  -6.4649618815  -5.6068979501  -3.5984865707  -0.9642557749   1.6025714105   3.4418594713   4.1187390480   3.5435926750   1.9814023576  -0.0504701824  -1.9593923683  -3.2683717776  -3.7569275438  -3.5075552514  -2.8476959051  -2.2135954396
   0.9986892490  -1.9828096087  -4.7182988484  -6.5655690480  -7.0576340411  -6.0529702594  -3.7967276462  -0.8666463569   1.9845154446   4.0427400938   4.8352642527   4.2571593503   2.5822761899   0.3574658030  -1.7822899316  -3.3149079050  -3.9822381907  -3.8444674453  -3.2260781107  -2.5789468344
   1.2147748094  -1.8681889773  -4.6526572406  -6.5162910412  -7.0166208885  -6.0293417718  -3.8017181770  -0.8978944652   1.9519483319   4.0541060334   4.9427601995   4.5002548439   2.9693685770   0.8563623038  -1.2406450206  -2.8199170590  -3.6196124957  -3.6728335880  -3.2622609710  -2.7968142056
   1.4976704165  -1.4127287773  -4.0185843981  -5.7814976861  -6.3237386302  -5.5409628165  -3.6441657985  -1.1126950070   1.4314135398   3.3912979513   4.3542005100   4.1926348948   3.0776836805   1.4031043141  -0.3521632482  -1.7763938834  -2.6427972918  -2.9568950065  -2.9232775839  -2.8490928954
   1.8326627493  -0.6548145201  -2.8784567345  -4.4392033294  -5.0575103075  -4.6493929363  -3.3544534730  -1.5042028188   0.4623877301   2.1120539495   3.1254950442   3.3685334948   2.9061104842   1.9577257307   0.8117439835  -0.2714953625  -1.1357663067  -1.7610439206  -2.2446454153  -2.7422431210
   2.1848338840   0.3053601402  -1.3861816241  -2.6684168908  -3.3827427127  -3.4653956386  -2.9601083763  -2.0070561443  -0.8105397007   0.4059362495   1.4449615972   2.1689715204   2.5145952241   2.4861764369   2.1336073176   1.5240948588   0.7184151773  -0.2405598001  -1.3246059308  -2.5055651793
   2.5055651769   1.3246059305   0.2405598016  -0.7184151745  -1.5240948558  -2.1336073154  -2.4861764361  -2.5145952250  -2.1689715224  -1.4449615996  -0.4059362512   0.8105397004   2.0070561458   2.9601083794   3.4653956425   3.3827427164   2.6684168931   1.3861816243  -0.3053601423  -2.1848338881
   2.7422431200   2.2446454163   1.7610439228   1.1357663093   0.2714953643  -0.8117439832  -1.9577257322  -2.9061104869  -3.3685334979  -3.1254950465  -2.1120539499  -0.4623877282   1.5042028228   3.3544534782   4.6493929414   5.0575103112   4.4392033306   2.8784567329   0.6548145161  -1.8326627549
   2.8490928955   2.9232775856   2.9568950088   2.6427972936   1.7763938837   0.3521632466  -1.4031043173  -3.0776836844  -4.1926348981  -4.3542005114  -3.3912979499  -1.4314135357   1.1126950131   3.6441658051   5.5409628220   6.3237386332   5.7814976858   4.0185843945   1.4127287714  -1.4976704231
   2.7968142062   3.2622609727   3.6728335898   3.6196124964   2.8199170579   1.2406450175  -0.8563623082  -2.9693685813  -4.5002548467  -4.9427601996  -4.0541060302  -1.9519483259   0.8978944727   3.8017181842   6.0293417769   7.0166208901   6.5162910390   4.6526572352   1.8681889701  -1.2147748166
   2.5789468350   3.2260781120   3.8444674462   3.9822381903   3.3149079027   1.7822899275  -0.3574658077  -2.5822761939  -4.2571593521  -4.8352642513  -4.0427400891  -1.9845154374   0.8666463649   3.7967276530   6.0529702633   7.0576340410   6.5655690441   4.7182988416   1.9828096008  -0.9986892561
   2.2135954398   2.8476959056   3.5075552513   3.7569275423   3.2683717744   1.9593923640   0.0504701779  -1.9814023608  -3.5435926757  -4.1187390454  -3.4418594657  -1.6025714031   0.9642557823   3.5984865762   5.6068979522   6.4649618797   5.9633005281   4.2538777681   1.7858442832  -0.8419944449
   1.7401418623   2.2202165352   2.7870872993   3.0697449124   2.7745394459   1.8067602956   0.3268640265  -1.2832594231  -2.5366592732  -3.0026754297  -2.4581074543  -0.9750550287   1.0866024244   3.1813394231   4.7412774430   5.3462828606   4.8448318049   3.3875240003   1.3659281129  -0.7181630519
   1.2116517350   1.4763209063   1.8687699730   2.1171907138   1.9922555385   1.4023198935   0.4413233969  -0.6308343613  -1.4711865487  -1.7720500834  -1.3732027832  -0.3274512117   1.1048773264   2.5319711338   3.5515910487   3.8758274047   3.4172829826   2.3085361141   0.8506311005  -0.5888365830
   0.6846062375   0.7599921259   0.9591612202   1.1243168877   1.1116723201   0.8516095624   0.3816351591  -0.1613234159  -0.5876128986  -0.7241130564  -0.4808073756   0.1100909711   0.8974991299   1.6569765507   2.1627125367   2.2606928474   1.9174019465   1.2274282998   0.3783074961  -0.4137314865
   0.2081590144   0.1966136474   0.2430023260   0.2992343178   0.3172240931   0.2692544226   0.1601084902   0.0261669244  -0.0783368591  -0.1027541836  -0.0209811155   0.1561557588   0.3820286035   0.5887403992   0.7099055097   0.7034005831   0.5657837806   0.3331647180   0.0683325358  -0.1609833959
