  -0.0389920197  -0.0391767854  -0.0319217516  -0.0235903368  -0.0094744486   0.0044987311   0.0213735151   0.0334767380   0.0454562633   0.0471761789
  -0.0388327178  -0.0375049213  -0.0302525792  -0.0220508432  -0.0087363717   0.0040188472   0.0195075497   0.0308271652   0.0419271118   0.0454822128
  -0.0313610269  -0.0300525440  -0.0237882937  -0.0168451842  -0.0061157886   0.0038089623   0.0152829759   0.0234234662   0.0310837310   0.0337037564
  -0.0227754816  -0.0215442959  -0.0165772912  -0.0112775720  -0.0035469794   0.0031322939   0.0104596227   0.0154511816   0.0199383910   0.0218336149
  -0.0086877478  -0.0081604860  -0.0057790442  -0.0034238786  -0.0004803779   0.0016291653   0.0033194952   0.0042023061   0.0046777432   0.0052577490
   0.0052577491   0.0046777432   0.0042023061   0.0033194952   0.0016291653  -0.0004803780  -0.0034238786  -0.0057790442  -0.0081604860  -0.0086877478
   0.0218336149   0.0199383910   0.0154511816   0.0104596226   0.0031322939  -0.0035469794  -0.0112775720  -0.0165772912  -0.0215442959  -0.0227754816
   0.0337037564   0.0310837310   0.0234234662   0.0152829759   0.0038089623  -0.0061157886  -0.0168451842  -0.0237882937  -0.0300525440  -0.0313610269
   0.0454822128   0.0419271118   0.0308271652   0.0195075497   0.0040188472  -0.0087363717  -0.0220508433  -0.0302525793  -0.0375049214  -0.0388327178
   0.0471761788   0.0454562633   0.0334767380   0.0213735151   0.0044987311  -0.0094744486  -0.0235903368  -0.0319217517  -0.0391767855  -0.0389920198
