   0.8545567938   0.7241252990   0.5346337296   0.3061205491   0.0645437625  -0.1600572332  -0.3231358252  -0.4345286798  -0.5756231165  -0.7708953973
   0.7245547064   0.6109791563   0.4435884838   0.2387875740   0.0201381656  -0.1760107694  -0.3106857379  -0.4014374915  -0.4744900269  -0.5868568701
   0.5338195570   0.4418089088   0.3128459127   0.1596632518   0.0043868602  -0.1155789177  -0.2162643036  -0.3328989135  -0.4031504888  -0.4272384610
   0.3045238953   0.2365481935   0.1582997611   0.0779020635   0.0230270048   0.0020608259  -0.0814686366  -0.2197831191  -0.3125290281  -0.3074573361
   0.0640495903   0.0186959025   0.0029313052   0.0237255637   0.0871193960   0.1037209425   0.0002406668  -0.1169672178  -0.1764592773  -0.1538809784
  -0.1538809786  -0.1764592775  -0.1169672178   0.0002406669   0.1037209425   0.0871193958   0.0237255637   0.0029313054   0.0186959028   0.0640495907
  -0.3074573361  -0.3125290282  -0.2197831191  -0.0814686366   0.0020608257   0.0230270048   0.0779020637   0.1582997614   0.2365481939   0.3045238958
  -0.4272384609  -0.4031504888  -0.3328989134  -0.2162643036  -0.1155789177   0.0043868603   0.1596632521   0.3128459131   0.4418089093   0.5338195575
  -0.5868568700  -0.4744900269  -0.4014374915  -0.3106857378  -0.1760107692   0.0201381659   0.2387875743   0.4435884842   0.6109791567   0.7245547068
  -0.7708953973  -0.5756231167  -0.4345286799  -0.3231358252  -0.1600572329   0.0645437629   0.3061205496   0.5346337301   0.7241252994   0.8545567942
