  -0.0000014273  -0.0000021198  -0.0000017167  -0.0000014366  -0.0000004014   0.0000004008   0.0000014366   0.0000017179   0.0000021222   0.0000014313
  -0.0000011228  -0.0000016803  -0.0000012145  -0.0000010380  -0.0000002451   0.0000002457   0.0000010387   0.0000012154   0.0000016812   0.0000011245
  -0.0000007763  -0.0000013567  -0.0000009806  -0.0000008569  -0.0000002030   0.0000002032   0.0000008570   0.0000009807   0.0000013567   0.0000007762
  -0.0000003132  -0.0000007429  -0.0000004982  -0.0000004678  -0.0000000938   0.0000000940   0.0000004678   0.0000004974   0.0000007416   0.0000003108
  -0.0000001863  -0.0000003377  -0.0000002412  -0.0000002092  -0.0000000495   0.0000000493   0.0000002087   0.0000002398   0.0000003357   0.0000001826
   0.0000001826   0.0000003357   0.0000002398   0.0000002087   0.0000000493  -0.0000000495  -0.0000002092  -0.0000002412  -0.0000003377  -0.0000001863
   0.0000003108   0.0000007416   0.0000004974   0.0000004678   0.0000000940  -0.0000000938  -0.0000004678  -0.0000004982  -0.0000007429  -0.0000003132
   0.0000007762   0.0000013567   0.0000009807   0.0000008570   0.0000002032  -0.0000002030  -0.0000008569  -0.0000009806  -0.0000013567  -0.0000007763
   0.0000011245   0.0000016812   0.0000012154   0.0000010387   0.0000002457  -0.0000002451  -0.0000010380  -0.0000012145  -0.0000016803  -0.0000011228
   0.0000014313   0.0000021222   0.0000017179   0.0000014366   0.0000004008  -0.0000004014  -0.0000014366  -0.0000017167  -0.0000021198  -0.0000014273
