   0.0000000006  -0.0000000017  -0.0000000065  -0.0000000115  -0.0000000147  -0.0000000147  -0.0000000115  -0.0000000065  -0.0000000017   0.0000000006
  -0.0000000004  -0.0000000066  -0.0000000169  -0.0000000266  -0.0000000326  -0.0000000326  -0.0000000266  -0.0000000169  -0.0000000066  -0.0000000004
  -0.0000000009  -0.0000000087  -0.0000000209  -0.0000000319  -0.0000000388  -0.0000000388  -0.0000000319  -0.0000000209  -0.0000000087  -0.0000000009
  -0.0000000009  -0.0000000071  -0.0000000166  -0.0000000249  -0.0000000300  -0.0000000300  -0.0000000249  -0.0000000166  -0.0000000071  -0.0000000009
  -0.0000000004  -0.0000000028  -0.0000000064  -0.0000000096  -0.0000000115  -0.0000000115  -0.0000000096  -0.0000000064  -0.0000000028  -0.0000000004
   0.0000000004   0.0000000028   0.0000000064   0.0000000096   0.0000000115   0.0000000115   0.0000000096   0.0000000064   0.0000000028   0.0000000004
   0.0000000009   0.0000000071   0.0000000166   0.0000000249   0.0000000300   0.0000000300   0.0000000249   0.0000000166   0.0000000071   0.0000000009
   0.0000000009   0.0000000087   0.0000000209   0.0000000319   0.0000000388   0.0000000388   0.0000000319   0.0000000209   0.0000000087   0.0000000009
   0.0000000004   0.0000000066   0.0000000169   0.0000000266   0.0000000326   0.0000000326   0.0000000266   0.0000000169   0.0000000066   0.0000000004
  -0.0000000006   0.0000000017   0.0000000065   0.0000000115   0.0000000147   0.0000000147   0.0000000115   0.0000000065   0.0000000017  -0.0000000006
