   0.0483409082   0.1402907797   0.2185080123   0.2753361581   0.3052124824   0.3052124824   0.2753361581   0.2185080122   0.1402907796   0.0483409081
   0.1265581408   0.3672860297   0.5720614029   0.7208394203   0.7990566528   0.7990566527   0.7208394201   0.5720614027   0.3672860294   0.1265581404
   0.1564344651   0.4539904998   0.7071067813   0.8910065243   0.9876883406   0.9876883406   0.8910065241   0.7071067810   0.4539904994   0.1564344647
   0.1265581407   0.3672860295   0.5720614028   0.7208394201   0.7990566525   0.7990566525   0.7208394199   0.5720614025   0.3672860292   0.1265581404
   0.0483409082   0.1402907796   0.2185080120   0.2753361578   0.3052124821   0.3052124820   0.2753361577   0.2185080119   0.1402907794   0.0483409080
  -0.0483409083  -0.1402907799  -0.2185080126  -0.2753361585  -0.3052124828  -0.3052124828  -0.2753361584  -0.2185080125  -0.1402907798  -0.0483409082
  -0.1265581408  -0.3672860298  -0.5720614031  -0.7208394205  -0.7990566530  -0.7990566530  -0.7208394203  -0.5720614029  -0.3672860295  -0.1265581405
  -0.1564344651  -0.4539904998  -0.7071067813  -0.8910065243  -0.9876883406  -0.9876883406  -0.8910065241  -0.7071067810  -0.4539904994  -0.1564344647
  -0.1265581407  -0.3672860294  -0.5720614026  -0.7208394199  -0.7990566523  -0.7990566523  -0.7208394197  -0.5720614024  -0.3672860291  -0.1265581403
  -0.0483409081  -0.1402907794  -0.2185080117  -0.2753361574  -0.3052124817  -0.3052124816  -0.2753361574  -0.2185080116  -0.1402907793  -0.0483409080
