   0.0000000002   0.0000000001  -0.0000000003  -0.0000000012  -0.0000000024  -0.0000000038  -0.0000000051  -0.0000000062  -0.0000000070  -0.0000000075  -0.0000000075  -0.0000000070  -0.0000000062  -0.0000000051  -0.0000000038  -0.0000000024  -0.0000000012  -0.0000000003   0.0000000001   0.0000000002
   0.0000000001  -0.0000000006  -0.0000000022  -0.0000000047  -0.0000000077  -0.0000000109  -0.0000000141  -0.0000000167  -0.0000000187  -0.0000000197  -0.0000000197  -0.0000000187  -0.0000000167  -0.0000000141  -0.0000000109  -0.0000000077  -0.0000000047  -0.0000000022  -0.0000000006   0.0000000001
   0.0000000000  -0.0000000014  -0.0000000040  -0.0000000078  -0.0000000123  -0.0000000170  -0.0000000214  -0.0000000252  -0.0000000280  -0.0000000294  -0.0000000294  -0.0000000280  -0.0000000252  -0.0000000214  -0.0000000170  -0.0000000123  -0.0000000078  -0.0000000040  -0.0000000014   0.0000000000
  -0.0000000001  -0.0000000020  -0.0000000056  -0.0000000102  -0.0000000156  -0.0000000211  -0.0000000264  -0.0000000308  -0.0000000340  -0.0000000357  -0.0000000357  -0.0000000340  -0.0000000308  -0.0000000264  -0.0000000211  -0.0000000156  -0.0000000102  -0.0000000056  -0.0000000020  -0.0000000001
  -0.0000000001  -0.0000000024  -0.0000000064  -0.0000000115  -0.0000000173  -0.0000000233  -0.0000000288  -0.0000000335  -0.0000000368  -0.0000000386  -0.0000000386  -0.0000000368  -0.0000000335  -0.0000000288  -0.0000000233  -0.0000000173  -0.0000000115  -0.0000000064  -0.0000000024  -0.0000000001
  -0.0000000001  -0.0000000024  -0.0000000065  -0.0000000116  -0.0000000173  -0.0000000230  -0.0000000284  -0.0000000329  -0.0000000361  -0.0000000377  -0.0000000377  -0.0000000361  -0.0000000329  -0.0000000284  -0.0000000230  -0.0000000173  -0.0000000116  -0.0000000065  -0.0000000024  -0.0000000001
  -0.0000000001  -0.0000000022  -0.0000000059  -0.0000000105  -0.0000000156  -0.0000000207  -0.0000000254  -0.0000000293  -0.0000000321  -0.0000000336  -0.0000000336  -0.0000000321  -0.0000000293  -0.0000000254  -0.0000000207  -0.0000000156  -0.0000000105  -0.0000000059  -0.0000000022  -0.0000000001
  -0.0000000001  -0.0000000018  -0.0000000047  -0.0000000083  -0.0000000123  -0.0000000163  -0.0000000200  -0.0000000230  -0.0000000252  -0.0000000263  -0.0000000263  -0.0000000252  -0.0000000230  -0.0000000200  -0.0000000163  -0.0000000123  -0.0000000083  -0.0000000047  -0.0000000018  -0.0000000001
  -0.0000000001  -0.0000000011  -0.0000000030  -0.0000000053  -0.0000000079  -0.0000000104  -0.0000000128  -0.0000000147  -0.0000000161  -0.0000000168  -0.0000000168  -0.0000000161  -0.0000000147  -0.0000000128  -0.0000000104  -0.0000000079  -0.0000000053  -0.0000000030  -0.0000000011  -0.0000000001
  -0.0000000000  -0.0000000004  -0.0000000010  -0.0000000018  -0.0000000027  -0.0000000036  -0.0000000044  -0.0000000050  -0.0000000055  -0.0000000057  -0.0000000057  -0.0000000055  -0.0000000050  -0.0000000044  -0.0000000036  -0.0000000027  -0.0000000018  -0.0000000010  -0.0000000004  -0.0000000000
   0.0000000000   0.0000000004   0.0000000010   0.0000000018   0.0000000027   0.0000000036   0.0000000044   0.0000000050   0.0000000055   0.0000000057   0.0000000057   0.0000000055   0.0000000050   0.0000000044   0.0000000036   0.0000000027   0.0000000018   0.0000000010   0.0000000004   0.0000000000
   0.0000000001   0.0000000011   0.0000000030   0.0000000053   0.0000000079   0.0000000104   0.0000000128   0.0000000147   0.0000000161   0.0000000168   0.0000000168   0.0000000161   0.0000000147   0.0000000128   0.0000000104   0.0000000079   0.0000000053   0.0000000030   0.0000000011   0.0000000001
   0.0000000001   0.0000000018   0.0000000047   0.0000000083   0.0000000123   0.0000000163   0.0000000200   0.0000000230   0.0000000252   0.0000000263   0.0000000263   0.0000000252   0.0000000230   0.0000000200   0.0000000163   0.0000000123   0.0000000083   0.0000000047   0.0000000018   0.0000000001
   0.0000000001   0.0000000022   0.0000000059   0.0000000105   0.0000000156   0.0000000207   0.0000000254   0.0000000293   0.0000000321   0.0000000336   0.0000000336   0.0000000321   0.0000000293   0.0000000254   0.0000000207   0.0000000156   0.0000000105   0.0000000059   0.0000000022   0.0000000001
   0.0000000001   0.0000000024   0.0000000065   0.0000000116   0.0000000173   0.0000000230   0.0000000284   0.0000000329   0.0000000361   0.0000000377   0.0000000377   0.0000000361   0.0000000329   0.0000000284   0.0000000230   0.0000000173   0.0000000116   0.0000000065   0.0000000024   0.0000000001
   0.0000000001   0.0000000024   0.0000000064   0.0000000115   0.0000000173   0.0000000233   0.0000000288   0.0000000335   0.0000000368   0.0000000386   0.0000000386   0.0000000368   0.0000000335   0.0000000288   0.0000000233   0.0000000173   0.0000000115   0.0000000064   0.0000000024   0.0000000001
   0.0000000001   0.0000000020   0.0000000056   0.0000000102   0.0000000156   0.0000000211   0.0000000264   0.0000000308   0.0000000340   0.0000000357   0.0000000357   0.0000000340   0.0000000308   0.0000000264   0.0000000211   0.0000000156   0.0000000102   0.0000000056   0.0000000020   0.0000000001
  -0.0000000000   0.0000000014   0.0000000040   0.0000000078   0.0000000123   0.0000000170   0.0000000214   0.0000000252   0.0000000280   0.0000000294   0.0000000294   0.0000000280   0.0000000252   0.0000000214   0.0000000170   0.0000000123   0.0000000078   0.0000000040   0.0000000014  -0.0000000000
  -0.0000000001   0.0000000006   0.0000000022   0.0000000047   0.0000000077   0.0000000109   0.0000000141   0.0000000167   0.0000000187   0.0000000197   0.0000000197   0.0000000187   0.0000000167   0.0000000141   0.0000000109   0.0000000077   0.0000000047   0.0000000022   0.0000000006  -0.0000000001
  -0.0000000002  -0.0000000001   0.0000000003   0.0000000012   0.0000000024   0.0000000038   0.0000000051   0.0000000062   0.0000000070   0.0000000075   0.0000000075   0.0000000070   0.0000000062   0.0000000051   0.0000000038   0.0000000024   0.0000000012   0.0000000003  -0.0000000001  -0.0000000002
