   0.0000008879   0.0000005742  -0.0000013439  -0.0000032256  -0.0000045893  -0.0000045917  -0.0000032319  -0.0000013517   0.0000005676   0.0000008853
   0.0000005285  -0.0000014754  -0.0000058210  -0.0000098088  -0.0000124656  -0.0000124680  -0.0000098150  -0.0000058289  -0.0000014822   0.0000005258
   0.0000001071  -0.0000028477  -0.0000082162  -0.0000129850  -0.0000160553  -0.0000160579  -0.0000129918  -0.0000082247  -0.0000028548   0.0000001043
  -0.0000000558  -0.0000025322  -0.0000067631  -0.0000104370  -0.0000127686  -0.0000127720  -0.0000104460  -0.0000067741  -0.0000025408  -0.0000000590
  -0.0000000590  -0.0000010545  -0.0000026978  -0.0000041172  -0.0000050115  -0.0000050156  -0.0000041279  -0.0000027107  -0.0000010642  -0.0000000625
   0.0000000625   0.0000010642   0.0000027107   0.0000041279   0.0000050156   0.0000050115   0.0000041172   0.0000026978   0.0000010545   0.0000000590
   0.0000000590   0.0000025408   0.0000067741   0.0000104460   0.0000127720   0.0000127686   0.0000104370   0.0000067631   0.0000025322   0.0000000558
  -0.0000001043   0.0000028548   0.0000082247   0.0000129918   0.0000160579   0.0000160553   0.0000129850   0.0000082162   0.0000028477  -0.0000001071
  -0.0000005258   0.0000014822   0.0000058289   0.0000098150   0.0000124680   0.0000124656   0.0000098088   0.0000058210   0.0000014754  -0.0000005285
  -0.0000008853  -0.0000005676   0.0000013517   0.0000032319   0.0000045917   0.0000045893   0.0000032256   0.0000013439  -0.0000005742  -0.0000008879
