   0.0053624550   0.0091583858   0.0085288871   0.0086430151   0.0072545458   0.0071079506   0.0087392472   0.0087019489   0.0101828628   0.0063190151
   0.0066258729   0.0133238614   0.0149402884   0.0164083332   0.0157374927   0.0161261187   0.0179106304   0.0167832378   0.0153542868   0.0077781085
   0.0056792729   0.0119648507   0.0139803750   0.0156802993   0.0154626706   0.0161862459   0.0177310166   0.0164117853   0.0137786195   0.0063871770
   0.0039358097   0.0084565543   0.0102351675   0.0119638676   0.0123682350   0.0133232944   0.0142507856   0.0128381228   0.0097941262   0.0041649473
   0.0014005828   0.0027905170   0.0030696531   0.0038625751   0.0044304000   0.0054246942   0.0060194872   0.0054776822   0.0036400095   0.0012777970
  -0.0012777970  -0.0036400095  -0.0054776822  -0.0060194872  -0.0054246943  -0.0044304000  -0.0038625751  -0.0030696531  -0.0027905170  -0.0014005828
  -0.0041649473  -0.0097941262  -0.0128381227  -0.0142507855  -0.0133232944  -0.0123682350  -0.0119638676  -0.0102351675  -0.0084565543  -0.0039358097
  -0.0063871770  -0.0137786195  -0.0164117852  -0.0177310165  -0.0161862458  -0.0154626706  -0.0156802992  -0.0139803750  -0.0119648507  -0.0056792729
  -0.0077781085  -0.0153542868  -0.0167832377  -0.0179106303  -0.0161261186  -0.0157374927  -0.0164083331  -0.0149402884  -0.0133238614  -0.0066258729
  -0.0063190151  -0.0101828628  -0.0087019488  -0.0087392471  -0.0071079506  -0.0072545458  -0.0086430151  -0.0085288871  -0.0091583858  -0.0053624550
