   0.0524600328   0.1354276049   0.2005033888   0.2531169977   0.2934859559   0.3159921378   0.3106106768   0.2675978776   0.1876084353   0.0528238878
   0.1145004728   0.3098548490   0.4697152661   0.5973208097   0.6931179868   0.7485458817   0.7432568669   0.6500525480   0.4650119056   0.1416741591
   0.1297973449   0.3696261680   0.5644744688   0.7125391323   0.8163463256   0.8726360107   0.8647513415   0.7625596071   0.5623443260   0.1921147675
   0.0963510490   0.3011980877   0.4677315916   0.5838626139   0.6494964585   0.6684798961   0.6404465812   0.5562984222   0.4225852154   0.1695730106
   0.0219952590   0.1261177857   0.2180113993   0.2679343998   0.2663930809   0.2295228846   0.1867536993   0.1568292172   0.1403635571   0.0898450112
  -0.0766466755  -0.1271515938  -0.1527254342  -0.1840961006  -0.2292767059  -0.2679769931  -0.2705125352  -0.2218516808  -0.1322261943  -0.0019080913
  -0.1670116309  -0.3916727302  -0.5439840252  -0.6320700044  -0.6668110645  -0.6536902067  -0.5917951923  -0.4786116369  -0.3203101938  -0.0725231945
  -0.1965773542  -0.5204899291  -0.7391423947  -0.8481988145  -0.8683234125  -0.8232220608  -0.7261623006  -0.5812318142  -0.3941736401  -0.1109156429
  -0.1345218577  -0.4100307260  -0.6055255288  -0.7115077108  -0.7386164114  -0.7043764619  -0.6220418260  -0.4986872031  -0.3420202962  -0.1165822030
  -0.0824331675  -0.2280166249  -0.3240984417  -0.3633131216  -0.3509266758  -0.3083165472  -0.2579484096  -0.2086659751  -0.1564956686  -0.0520438426
