  -0.0000000001   0.0000000000   0.0000000001   0.0000000001   0.0000000000  -0.0000000000  -0.0000000001  -0.0000000001  -0.0000000000   0.0000000001
   0.0000000002   0.0000000007   0.0000000009   0.0000000007   0.0000000003  -0.0000000003  -0.0000000007  -0.0000000009  -0.0000000007  -0.0000000002
   0.0000000007   0.0000000017   0.0000000021   0.0000000017   0.0000000006  -0.0000000006  -0.0000000017  -0.0000000021  -0.0000000017  -0.0000000007
   0.0000000012   0.0000000027   0.0000000032   0.0000000025   0.0000000010  -0.0000000010  -0.0000000025  -0.0000000032  -0.0000000027  -0.0000000012
   0.0000000015   0.0000000033   0.0000000039   0.0000000030   0.0000000012  -0.0000000012  -0.0000000030  -0.0000000039  -0.0000000033  -0.0000000015
   0.0000000015   0.0000000033   0.0000000039   0.0000000030   0.0000000012  -0.0000000012  -0.0000000030  -0.0000000039  -0.0000000033  -0.0000000015
   0.0000000012   0.0000000027   0.0000000032   0.0000000025   0.0000000010  -0.0000000010  -0.0000000025  -0.0000000032  -0.0000000027  -0.0000000012
   0.0000000007   0.0000000017   0.0000000021   0.0000000017   0.0000000006  -0.0000000006  -0.0000000017  -0.0000000021  -0.0000000017  -0.0000000007
   0.0000000002   0.0000000007   0.0000000009   0.0000000007   0.0000000003  -0.0000000003  -0.0000000007  -0.0000000009  -0.0000000007  -0.0000000002
  -0.0000000001   0.0000000000   0.0000000001   0.0000000001   0.0000000000  -0.0000000000  -0.0000000001  -0.0000000001  -0.0000000000   0.0000000001
