   0.0000003233   0.0000008727   0.0000009911   0.0000007796   0.0000002880  -0.0000002866  -0.0000007780  -0.0000009893  -0.0000008705  -0.0000003213
   0.0000021394   0.0000047967   0.0000054417   0.0000042132   0.0000015882  -0.0000015851  -0.0000042092  -0.0000054367  -0.0000047907  -0.0000021338
   0.0000048055   0.0000102361   0.0000116450   0.0000089580   0.0000033948  -0.0000033916  -0.0000089534  -0.0000116385  -0.0000102280  -0.0000047981
   0.0000076062   0.0000154262   0.0000173543   0.0000132219   0.0000050012  -0.0000049992  -0.0000132185  -0.0000173490  -0.0000154193  -0.0000075998
   0.0000092581   0.0000185088   0.0000207570   0.0000157537   0.0000059577  -0.0000059571  -0.0000157525  -0.0000207549  -0.0000185061  -0.0000092556
   0.0000092556   0.0000185061   0.0000207549   0.0000157525   0.0000059571  -0.0000059577  -0.0000157537  -0.0000207570  -0.0000185088  -0.0000092581
   0.0000075998   0.0000154193   0.0000173490   0.0000132185   0.0000049992  -0.0000050012  -0.0000132219  -0.0000173543  -0.0000154262  -0.0000076062
   0.0000047981   0.0000102280   0.0000116385   0.0000089534   0.0000033916  -0.0000033948  -0.0000089580  -0.0000116450  -0.0000102361  -0.0000048055
   0.0000021338   0.0000047907   0.0000054367   0.0000042092   0.0000015851  -0.0000015882  -0.0000042132  -0.0000054417  -0.0000047967  -0.0000021394
   0.0000003213   0.0000008705   0.0000009893   0.0000007780   0.0000002866  -0.0000002880  -0.0000007796  -0.0000009911  -0.0000008727  -0.0000003233
