   0.0050913490   0.0066022771   0.0057958796   0.0040657891   0.0015165471  -0.0012268947  -0.0041428438  -0.0063628688  -0.0076275679  -0.0059464821
   0.0091994387   0.0145087582   0.0135545027   0.0097153268   0.0034167575  -0.0038557110  -0.0106431009  -0.0149509688  -0.0161495158  -0.0098657677
   0.0094239137   0.0181182103   0.0178461360   0.0131693768   0.0043308374  -0.0062824502  -0.0152417345  -0.0196724332  -0.0193892163  -0.0090897196
   0.0102137093   0.0212151669   0.0214047528   0.0162548905   0.0056043454  -0.0074010108  -0.0180911168  -0.0229278700  -0.0222375372  -0.0099113193
   0.0092154580   0.0214550170   0.0221990104   0.0173762837   0.0063739845  -0.0072473636  -0.0181557269  -0.0226947047  -0.0216249585  -0.0088872594
   0.0088872595   0.0216249586   0.0226947048   0.0181557269   0.0072473636  -0.0063739845  -0.0173762837  -0.0221990104  -0.0214550169  -0.0092154580
   0.0099113194   0.0222375373   0.0229278701   0.0180911169   0.0074010108  -0.0056043454  -0.0162548905  -0.0214047528  -0.0212151669  -0.0102137092
   0.0090897196   0.0193892164   0.0196724333   0.0152417345   0.0062824502  -0.0043308374  -0.0131693768  -0.0178461359  -0.0181182103  -0.0094239137
   0.0098657677   0.0161495158   0.0149509689   0.0106431009   0.0038557110  -0.0034167575  -0.0097153268  -0.0135545027  -0.0145087582  -0.0091994387
   0.0059464821   0.0076275679   0.0063628689   0.0041428438   0.0012268947  -0.0015165471  -0.0040657891  -0.0057958796  -0.0066022771  -0.0050913490
