  -0.0000000002  -0.0000000001  -0.0000000000   0.0000000001   0.0000000001   0.0000000001   0.0000000001   0.0000000001   0.0000000001   0.0000000000  -0.0000000000  -0.0000000001  -0.0000000001  -0.0000000001  -0.0000000001  -0.0000000001  -0.0000000001   0.0000000000   0.0000000001   0.0000000002
  -0.0000000001   0.0000000006   0.0000000013   0.0000000020   0.0000000023   0.0000000024   0.0000000022   0.0000000018   0.0000000011   0.0000000004  -0.0000000004  -0.0000000011  -0.0000000018  -0.0000000022  -0.0000000024  -0.0000000023  -0.0000000020  -0.0000000013  -0.0000000006   0.0000000001
   0.0000000003   0.0000000022   0.0000000040   0.0000000055   0.0000000064   0.0000000065   0.0000000059   0.0000000047   0.0000000030   0.0000000010  -0.0000000010  -0.0000000030  -0.0000000047  -0.0000000059  -0.0000000065  -0.0000000064  -0.0000000055  -0.0000000040  -0.0000000022  -0.0000000003
   0.0000000012   0.0000000046   0.0000000078   0.0000000102   0.0000000115   0.0000000115   0.0000000104   0.0000000083   0.0000000053   0.0000000018  -0.0000000018  -0.0000000053  -0.0000000083  -0.0000000104  -0.0000000115  -0.0000000115  -0.0000000102  -0.0000000078  -0.0000000046  -0.0000000012
   0.0000000024   0.0000000076   0.0000000122   0.0000000155   0.0000000173   0.0000000173   0.0000000155   0.0000000123   0.0000000079   0.0000000027  -0.0000000027  -0.0000000079  -0.0000000123  -0.0000000155  -0.0000000173  -0.0000000173  -0.0000000155  -0.0000000122  -0.0000000076  -0.0000000024
   0.0000000038   0.0000000109   0.0000000169   0.0000000211   0.0000000232   0.0000000230   0.0000000206   0.0000000162   0.0000000104   0.0000000036  -0.0000000036  -0.0000000104  -0.0000000162  -0.0000000206  -0.0000000230  -0.0000000232  -0.0000000211  -0.0000000169  -0.0000000109  -0.0000000038
   0.0000000051   0.0000000140   0.0000000214   0.0000000263   0.0000000288   0.0000000284   0.0000000254   0.0000000199   0.0000000128   0.0000000044  -0.0000000044  -0.0000000128  -0.0000000199  -0.0000000254  -0.0000000284  -0.0000000288  -0.0000000263  -0.0000000214  -0.0000000140  -0.0000000051
   0.0000000062   0.0000000167   0.0000000252   0.0000000307   0.0000000334   0.0000000328   0.0000000293   0.0000000230   0.0000000147   0.0000000050  -0.0000000050  -0.0000000147  -0.0000000230  -0.0000000293  -0.0000000328  -0.0000000334  -0.0000000307  -0.0000000252  -0.0000000167  -0.0000000062
   0.0000000070   0.0000000186   0.0000000279   0.0000000339   0.0000000368   0.0000000360   0.0000000321   0.0000000251   0.0000000161   0.0000000055  -0.0000000055  -0.0000000161  -0.0000000251  -0.0000000321  -0.0000000360  -0.0000000368  -0.0000000339  -0.0000000279  -0.0000000186  -0.0000000070
   0.0000000074   0.0000000196   0.0000000293   0.0000000356   0.0000000385   0.0000000377   0.0000000336   0.0000000263   0.0000000168   0.0000000057  -0.0000000057  -0.0000000168  -0.0000000263  -0.0000000336  -0.0000000377  -0.0000000385  -0.0000000356  -0.0000000293  -0.0000000196  -0.0000000074
   0.0000000074   0.0000000196   0.0000000293   0.0000000356   0.0000000385   0.0000000377   0.0000000336   0.0000000263   0.0000000168   0.0000000057  -0.0000000057  -0.0000000168  -0.0000000263  -0.0000000336  -0.0000000377  -0.0000000385  -0.0000000356  -0.0000000293  -0.0000000196  -0.0000000074
   0.0000000070   0.0000000186   0.0000000279   0.0000000339   0.0000000368   0.0000000360   0.0000000321   0.0000000251   0.0000000161   0.0000000055  -0.0000000055  -0.0000000161  -0.0000000251  -0.0000000321  -0.0000000360  -0.0000000368  -0.0000000339  -0.0000000279  -0.0000000186  -0.0000000070
   0.0000000062   0.0000000167   0.0000000252   0.0000000307   0.0000000334   0.0000000328   0.0000000293   0.0000000230   0.0000000147   0.0000000050  -0.0000000050  -0.0000000147  -0.0000000230  -0.0000000293  -0.0000000328  -0.0000000334  -0.0000000307  -0.0000000252  -0.0000000167  -0.0000000062
   0.0000000051   0.0000000140   0.0000000214   0.0000000263   0.0000000288   0.0000000284   0.0000000254   0.0000000199   0.0000000128   0.0000000044  -0.0000000044  -0.0000000128  -0.0000000199  -0.0000000254  -0.0000000284  -0.0000000288  -0.0000000263  -0.0000000214  -0.0000000140  -0.0000000051
   0.0000000038   0.0000000109   0.0000000169   0.0000000211   0.0000000232   0.0000000230   0.0000000206   0.0000000162   0.0000000104   0.0000000036  -0.0000000036  -0.0000000104  -0.0000000162  -0.0000000206  -0.0000000230  -0.0000000232  -0.0000000211  -0.0000000169  -0.0000000109  -0.0000000038
   0.0000000024   0.0000000076   0.0000000122   0.0000000155   0.0000000173   0.0000000173   0.0000000155   0.0000000123   0.0000000079   0.0000000027  -0.0000000027  -0.0000000079  -0.0000000123  -0.0000000155  -0.0000000173  -0.0000000173  -0.0000000155  -0.0000000122  -0.0000000076  -0.0000000024
   0.0000000012   0.0000000046   0.0000000078   0.0000000102   0.0000000115   0.0000000115   0.0000000104   0.0000000083   0.0000000053   0.0000000018  -0.0000000018  -0.0000000053  -0.0000000083  -0.0000000104  -0.0000000115  -0.0000000115  -0.0000000102  -0.0000000078  -0.0000000046  -0.0000000012
   0.0000000003   0.0000000022   0.0000000040   0.0000000055   0.0000000064   0.0000000065   0.0000000059   0.0000000047   0.0000000030   0.0000000010  -0.0000000010  -0.0000000030  -0.0000000047  -0.0000000059  -0.0000000065  -0.0000000064  -0.0000000055  -0.0000000040  -0.0000000022  -0.0000000003
  -0.0000000001   0.0000000006   0.0000000013   0.0000000020   0.0000000023   0.0000000024   0.0000000022   0.0000000018   0.0000000011   0.0000000004  -0.0000000004  -0.0000000011  -0.0000000018  -0.0000000022  -0.0000000024  -0.0000000023  -0.0000000020  -0.0000000013  -0.0000000006   0.0000000001
  -0.0000000002  -0.0000000001  -0.0000000000   0.0000000001   0.0000000001   0.0000000001   0.0000000001   0.0000000001   0.0000000001   0.0000000000  -0.0000000000  -0.0000000001  -0.0000000001  -0.0000000001  -0.0000000001  -0.0000000001  -0.0000000001   0.0000000000   0.0000000001   0.0000000002
