   0.0643829830   0.1192375523   0.1386641806   0.1176008271   0.0620503732  -0.0207270894  -0.1371769646  -0.2505685530  -0.2475923119  -0.1169333451
   0.1697686996   0.3333105715   0.3935120965   0.3341706138   0.1844047092  -0.0299970451  -0.3398678347  -0.6492785554  -0.6811425211  -0.3227779063
   0.2456041079   0.5065143004   0.6062504218   0.5200385998   0.2889622638  -0.0616400772  -0.5251236213  -0.8816165866  -0.8954345113  -0.4288860050
   0.3032936777   0.6385595694   0.7720977588   0.6735454656   0.3726502386  -0.1434909704  -0.7166812290  -1.0004609401  -0.9071283311  -0.4298560417
   0.3473256874   0.7330655661   0.8898954388   0.7906612724   0.3944706612  -0.2871325776  -0.8296468796  -0.9838215243  -0.8184660978  -0.3861771606
   0.3861771612   0.8184660983   0.9838215245   0.8296468791   0.2871325764  -0.3944706620  -0.7906612726  -0.8898954387  -0.7330655656  -0.3473256868
   0.4298560425   0.9071283315   1.0004609399   0.7166812282   0.1434909694  -0.3726502391  -0.6735454657  -0.7720977586  -0.6385595690  -0.3032936772
   0.4288860057   0.8954345115   0.8816165860   0.5251236204   0.0616400766  -0.2889622641  -0.5200385998  -0.6062504216  -0.5065142999  -0.2456041074
   0.3227779067   0.6811425210   0.6492785548   0.3398678341   0.0299970448  -0.1844047093  -0.3341706137  -0.3935120963  -0.3333105711  -0.1697686993
   0.1169333452   0.2475923116   0.2505685524   0.1371769642   0.0207270892  -0.0620503732  -0.1176008269  -0.1386641803  -0.1192375521  -0.0643829828
