   0.1275327779   0.2748056265   0.4035780901   0.5035183300   0.5654930933   0.5819485281   0.5472347677   0.4578638418   0.3126926534   0.1130250859  -0.1373702726  -0.4323278573  -0.7634369435  -1.1202738138  -1.4907082539  -1.8612762006  -2.2176083617  -2.5449028294  -2.8284281350  -3.0540419113
   0.2553428925   0.3811672032   0.4837930264   0.5548994971   0.5876334102   0.5768288761   0.5191540257   0.4131892743   0.2594443496   0.0603227069  -0.1799579107  -0.4554809969  -0.7587769663  -1.0809954107  -1.4121027664  -1.7411063404  -2.0563070603  -2.3455837661  -2.5967111777  -2.7977118280
   0.4189535739   0.5057662218   0.5622027675   0.5837121235   0.5676927574   0.5134035954   0.4217702113   0.2951197900   0.1368820611  -0.0487069870  -0.2568661146  -0.4824697531  -0.7201742136  -0.9644660738  -1.2096412331  -1.4497335325  -1.6784198970  -1.8889337856  -2.0740197472  -2.2259589185
   0.6130373654   0.6464981314   0.6400796699   0.5944805800   0.5130311621   0.4011667847   0.2657507990   0.1143219602  -0.0456535225  -0.2074481330  -0.3655909130  -0.5161878624  -0.6570178226  -0.7874014812  -0.9078658886  -1.0196491755  -1.1241077453  -1.2220992948  -1.3134184465  -1.3963571748
   0.8308092713   0.8010268109   0.7197584737   0.5940431062   0.4344143907   0.2538346215   0.0664199391  -0.1139162876  -0.2747682173  -0.4063628407  -0.5023968848  -0.5605056728  -0.5823213499  -0.5731190429  -0.5410907080  -0.4963235865  -0.4495896608  -0.4110713808  -0.3891553469  -0.3894189553
   1.0641368442   0.9665030165   0.8039811911   0.5905716508   0.3447866572   0.0879756401  -0.1576264054  -0.3709414461  -0.5339867596  -0.6335237238  -0.6622593831  -0.6194861702  -0.5110993287  -0.3489916078  -0.1498848358   0.0662878220   0.2782920221   0.4656101295   0.6103723406   0.6990156732
   1.3036835907   1.1392450829   0.8951343052   0.5924210105   0.2578223621  -0.0786120182  -0.3861674397  -0.6362347252  -0.8049230602  -0.8752676760  -0.8388223552  -0.6964845026  -0.4584730480  -0.1434597253   0.2230654638   0.6110413109   0.9884840032   1.3242889565   1.5909241809   1.7667652969
   1.5390958050   1.3144351512   0.9944709020   0.6069322739   0.1864043712  -0.2286187931  -0.5991133987  -0.8890238091  -1.0685519274  -1.1169276234  -1.0243971155  -0.7932388119  -0.4377072086   0.0170937741   0.5373058863   1.0831869496   1.6124909879   2.0840455586   2.4611968063   2.7148073807
   1.7592421620   1.4858857744   1.1014142359   0.6393214910   0.1411838367  -0.3468712729  -0.7782083824  -1.1098650301  -1.3064795400  -1.3435952529  -1.2100272551  -0.9090644340  -0.4583884948   0.1112880677   0.7587427372   1.4356915206   2.0908477730   2.6742177216   3.1412388221   3.4563844858
   1.9525127888   1.6459271381   1.2130329892   0.6917771315   0.1293687099  -0.4217507809  -0.9085250826  -1.2820601529  -1.5021129097  -1.5408677452  -1.3856413877  -1.0402560254  -0.5249451912   0.1252052735   0.8631410972   1.6337838077   2.3786717563   3.0408701966   3.5696995098   3.9248506643
   2.1071802480   1.7854546688   1.3237626645   0.7628699593   0.1538656289  -0.4462476999  -0.9796179103  -1.3927898282  -1.6416404404  -1.6955352044  -1.5403088470  -1.1797835561  -0.6356748665   0.0541124457   0.8386441782   1.6582807266   2.4497645839   3.1515998717   3.7092270402   4.0795181232
   2.2118192612   1.8941614738   1.4254236656   0.8473483503   0.2128650074  -0.4185524434  -0.9862352416  -1.4338744597  -1.7147552394  -1.7961723521  -1.6626043543  -1.3173401335  -0.7823979245  -0.0967387917   0.6870615664   1.5073726908   2.2988746318   2.9982271506   3.5495145207   3.9089615840
   2.2557755892   1.9609613247   1.5075569784   0.9363538132   0.2999152978  -0.3421297195  -0.9285349377  -1.4021098854  -1.7150781009  -1.8336074076  -1.7410768997  -1.4397649855  -0.9507932851  -0.3123277653   0.4237949594   1.1966978755   1.9419125263   2.5971316340   3.1077229785   3.4314871633
   2.2296679062   1.9745876020   1.5580658819   1.0180492831   0.4044838698  -0.2252735257  -0.8117957121  -1.2991663017  -1.6402655792  -1.8012519916  -1.7648066708  -1.5318270217  -1.1214046247  -0.5690879981   0.0764039558   0.7577028178   1.4141122748   1.9872205318   2.4262666983   2.6927496104
   2.1259004349   1.9243337893   1.5641199963   1.0786108060   0.5129534894  -0.0801911918  -0.6456655603  -1.1310802512  -1.4918175324  -1.6952873146  -1.7240229739  -1.5773169430  -1.2712381340  -0.8370307632  -0.3180516683   0.2344546534   0.7663311761   1.2257489333   1.5682031116   1.7607792618
   1.9391592188   1.8008837434   1.5132494280   1.1034956592   0.6099597770   0.0782892355  -0.4430326137  -0.9074072418  -1.2746251497  -1.5147127883  -1.6107468325  -1.5603626053  -1.3758123043  -1.0825715961  -0.7166360946  -0.3207782010   0.0598628912   0.3824195722   0.6107015838   0.7189309902
   1.6668617847   1.5971668742   1.3945346560   1.0788704986   0.6799405530   0.2342573939  -0.2186391195  -0.6401330258  -0.9963222654  -1.2612725525  -1.4194153325  -1.4668566053  -1.4114728087  -1.2717913999  -1.0747752798  -0.8527397852  -0.6397178276  -0.4676443099  -0.3627497051  -0.3425327573
   1.3095290327   1.3091659497   1.1997844015   0.9930647310   0.7087460530   0.3723502998   0.0124176037  -0.3424618441  -0.6665176669  -0.9392824459  -1.1474415735  -1.2858694811  -1.3577558477  -1.3738186814  -1.3506945289  -1.3086802372  -1.2690672901  -1.2513521524  -1.2706200203  -1.3353834610
   0.8710497322   0.9366043676   0.9245904558   0.8379088679   0.6851517934   0.4793104927   0.2361446547  -0.0276081553  -0.2959928149  -0.5553841330  -0.7956647506  -1.0109181614  -1.1995743958  -1.3640047816  -1.5096211497  -1.6435879573  -1.7732976896  -1.9047863370  -2.0412740138  -2.1820049890
   0.3588120442   0.4834456667   0.5691557635   0.6098257402   0.6021241304   0.5453174908   0.4409273572   0.2922861682   0.1040526129  -0.1182541806  -0.3686495391  -0.6409678977  -0.9290146170  -1.2265812241  -1.5273392910  -1.8246451633  -2.1113009513  -2.3793251558  -2.6197880946  -2.8227626449
