   0.2580616471   0.4923796441   0.5905639480   0.5003666845   0.2007614797  -0.2942414657  -0.9361878145  -1.6469221410  -2.3270173070  -2.8672639485
   0.5475475814   0.6006807122   0.5074805250   0.2839060231  -0.0334225041  -0.4023986258  -0.7869043884  -1.1603457924  -1.5009030507  -1.7820759656
   0.9220615489   0.6817591273   0.2819887018  -0.1453847425  -0.4657942447  -0.5905639481  -0.5074805248  -0.2819887015  -0.0288938594   0.1342966444
   1.3368907609   0.7768007940   0.0288938598  -0.6411428215  -0.9831438526  -0.8514938098  -0.2590795167   0.6239714083   1.5266422492   2.1680964165
   1.7305946919   0.9177254567  -0.1342966440  -1.0425997999  -1.4511618127  -1.1580404881  -0.1919285838   1.1906548376   2.5872617209   3.5812898966
   2.0256993912   1.1001101911  -0.1342966440  -1.2249845342  -1.7462665119  -1.4531451874  -0.3743133183   1.1906548374   2.7696464549   3.8763945952
   2.1355441463   1.2703957315   0.0288938599  -1.1347377589  -1.7817972380  -1.6501471953  -0.7526744543   0.6239714078   2.0202371856   2.9667498003
   1.9784197408   1.3346243943   0.2819887019  -0.7982500093  -1.5221524366  -1.6469221401  -1.1603457919  -0.2819887020   0.6239714064   1.1906548344
   1.4970607730   1.1875121374   0.5074805250  -0.3029254021  -0.9829356958  -1.3519118175  -1.3737358137  -1.1603457928  -0.9140716264  -0.8325627755
   0.6787215796   0.7523617800   0.5905639479   0.2403845483  -0.2198984530  -0.7149013983  -1.1961699505  -1.6469221410  -2.0670351711  -2.4466040162
