   0.1257335191   0.2701329466   0.3963746583   0.4943280413   0.5550381971   0.5710993411   0.5369730517   0.4492411343   0.3067849951   0.1108857117  -0.1347586487  -0.4240995066  -0.7488867068  -1.0988962448  -1.4622308797  -1.8256856095  -2.1751680300  -2.4961618248  -2.7742201002  -2.9954740157
   0.2523970147   0.3757311503   0.4762685955   0.5458522980   0.5777655237   0.5669471642   0.5101354833   0.4059447277   0.2548816690   0.0593105391  -0.1766250506  -0.4471155831  -0.7448286845  -1.0610782284  -1.3860183509  -1.7088633022  -2.0181354482  -2.3019441832  -2.5482978419  -2.7454488929
   0.4141171892   0.4991648158   0.5543465499   0.5752035273   0.5591904703   0.5055881767   0.4153132837   0.2906581512   0.1349973418  -0.0475031968  -0.2521423756  -0.4738812987  -0.7074673382  -0.9474818924  -1.1883201461  -1.4241213544  -1.6486760800  -1.8553415434  -2.0369972453  -2.1860701128
   0.6056383309   0.6383393971   0.6318269146   0.5867913117   0.5065061928   0.3963117256   0.2629504384   0.1138289361  -0.0437158870  -0.2030704552  -0.3588527377  -0.5072268579  -0.6459975448  -0.7744821027  -0.8931818435  -1.0032967932  -1.1061447308  -1.2025564805  -1.2923227435  -1.3737632458
   0.8202774579   0.7909352162   0.7109717066   0.5872959238   0.4302470431   0.2525486367   0.0680583237  -0.1095629097  -0.2681305870  -0.3980406920  -0.4930908463  -0.5509405996  -0.5731690595  -0.5649284414  -0.5342325087  -0.4909553197  -0.4456445969  -0.4082725483  -0.3870532648  -0.3874492633
   1.0500329983   0.9541320825   0.7944448394   0.5847078042   0.3430856407   0.0905285365  -0.1511419105  -0.3612360387  -0.5220973766  -0.6207200047  -0.6499274074  -0.6090004016  -0.5036948451  -0.3456486897  -0.1512368131   0.0600147859   0.2673015881   0.4505188565   0.5921549318   0.6789177585
   1.2857260762   1.1242968343   0.8845647318   0.5871995898   0.2584132103  -0.0723109876  -0.3748340265  -0.6210787038  -0.7875923226  -0.8577121737  -0.8231278147  -0.6846908273  -0.4523938485  -0.1445193923   0.2139623148   0.5935961821   0.9630389137   1.2918059963   1.5529124079   1.7251620208
   1.5171842996   1.2966860222   0.9825420645   0.6019532644   0.1888478195  -0.2190088691  -0.5833281969  -0.8687290281  -1.0459638581  -1.0946361749  -1.0051509911  -0.7797117291  -0.4322659649   0.0125986313   0.5217080277   1.0561158765   1.5744174637   2.0362571101   2.4057059523   2.6542013631
   1.7334771867   1.4652175122   1.0877973021   0.6340707965   0.1448225042  -0.3346958572  -0.7587305562  -1.0851263037  -1.2791784988  -1.3168740750  -1.1872130781  -0.8933881923  -0.4527061254   0.1047472103   0.7385778090   1.4014645104   2.0431384458   2.6145946725   3.0721497852   3.3809763565
   1.9232098069   1.6223602558   1.1974464740   0.6856894229   0.1333975642  -0.4079853435  -0.8864087382  -1.2539001499  -1.4709675322  -1.5103032495  -1.3594372467  -1.0220843456  -0.5180527733   0.1182838237   0.8408135384   1.5955531929   2.3251986743   2.9739391888   3.4920932875   3.8401441230
   2.0748770156   1.7591812213   1.3060282070   0.7554031869   0.1574192901  -0.4320070694  -0.9561225021  -1.3624818829  -1.6077884977  -1.6619704581  -1.5111044553  -1.1589053111  -0.6266345064   0.0485700597   0.8167918124   1.6195749187   2.3949124381   3.0825209216   3.6289142527   3.9918113313
   2.1772751624   1.8655734500   1.4055215733   0.8380623357   0.2151131983  -0.4049865512  -0.9627220953  -1.4028505748  -1.6795344365  -1.7606720507  -1.6310110539  -1.2937441301  -0.7704303966  -0.0992443290   0.6682871147   1.4717552040   2.2471299845   2.9323189430   3.4725057221   3.8247743313
   2.2199618773   1.9306708340   1.4856752600   0.9249846607   0.3001568530  -0.3303179023  -0.9063595930  -1.3718622234  -1.6799486699  -1.7974137526  -1.7079285688  -1.4136965410  -0.9353991605  -0.3104327652   0.4103989940   1.1674249093   1.8974488592   2.5393903045   3.0396907629   3.3569789392
   2.1937480806   1.9434353185   1.5346367135   1.0045714942   0.4022297674  -0.2161275445  -0.7922059307  -1.2711506854  -1.6067308067  -1.7657341782  -1.7311498192  -1.5038293115  -1.1024658304  -0.5618912969   0.0701457574   0.7374127384   1.3804108171   1.9418779767   2.3720508904   2.6331840234
   2.0912004217   1.8933827844   1.5398384169   1.0632799403   0.5079903604  -0.0743761830  -0.6297140465  -1.1066296160  -1.4613480784  -1.6618874282  -1.6910948309  -1.5482511035  -1.2490884226  -0.8242208260  -0.3161415332   0.2249195049   0.7458737232   1.1959124325   1.5314056320   1.7200851799
   1.9071275526   1.7713968512   1.4890704657   1.0868660792   0.6023871871   0.0804084928  -0.4315118316  -0.8876616687  -1.2485922219  -1.4848907869  -1.5799409412  -1.5314022347  -1.3512678188  -1.0644985970  -0.7063726531  -0.3188151764   0.0539255575   0.3698262095   0.5934083686   0.6994008295
   1.6390205876   1.5705669986   1.3716469280   1.0617849994   0.6701778632   0.2326400553  -0.2120432493  -0.6259910773  -0.9759434885  -1.2364527120  -1.3922349946  -1.4394544595  -1.3858175582  -1.2494757906  -1.0568535142  -0.8396251233  -0.6311510439  -0.4627364682  -0.3600951434  -0.3403809908
   1.2874172004   1.2869801374   1.1795603291   0.9766154832   0.6975076039   0.3672710431   0.0139013278  -0.3345556281  -0.6528179799  -0.9208032083  -1.1254423870  -1.2616966204  -1.3326811175  -1.3488938484  -1.3266372798  -1.2858042212  -1.2472641246  -1.2301277650  -1.2491819247  -1.3127701027
   0.8561603284   0.9203939042   0.9085154043   0.8233718324   0.6733922382   0.4713204495   0.2326159487  -0.0263020814  -0.2897810851  -0.5444527747  -0.7803883645  -0.9917783371  -1.1770754935  -1.3385977630  -1.4816450655  -1.6132365878  -1.7406159139  -1.8696973747  -2.0036350884  -2.1416855799
   0.3525264133   0.4747257722   0.5587404439   0.5985732926   0.5909586627   0.5351788753   0.4327278001   0.2868753484   0.1021921693  -0.1159071828  -0.3615515432  -0.6286923324  -0.9112524925  -1.2031414962  -1.4981513452  -1.7897651438  -2.0709227785  -2.3337960389  -2.5696272744  -2.7686811214
