   0.2436503786   0.4596535635   0.5494088098   0.4647333316   0.1863289747  -0.2727053844  -0.8674362643  -1.5254939809  -2.1548764802  -2.6545785008
   0.5210271196   0.5686457399   0.4797186256   0.2692670381  -0.0284930332  -0.3742098994  -0.7340423848  -1.0829724372  -1.4004598737  -1.6617432678
   0.8754936787   0.6511515864   0.2773843570  -0.1235351859  -0.4266763610  -0.5494088099  -0.4797186255  -0.2773843567  -0.0478977744   0.1005914926
   1.2649115789   0.7444844506   0.0478977748  -0.5788111969  -0.9037443959  -0.7914785204  -0.2530029366   0.5553560373   1.3839191645   1.9737304190
   1.6319109251   0.8775987901  -0.1005914923  -0.9482844161  -1.3356886035  -1.0752395183  -0.1924317317   1.0766766639   2.3610432080   3.2763217290
   1.9045905168   1.0461240458  -0.1005914922  -1.1168096718  -1.6083681952  -1.3479191101  -0.3609569876   1.0766766637   2.5295684634   3.5490013202
   2.0028750192   1.2005709393   0.0478977749  -1.0348976854  -1.6417078362  -1.5294419608  -0.7090894253   0.5553560368   1.8400056522   2.7116938578
   1.8515788487   1.2544053975   0.2773843571  -0.7267889968  -1.4027615310  -1.5254939800  -1.0829724367  -0.2773843572   0.5553560355   1.0766766609
   1.3983864775   1.1108836435   0.4797186257  -0.2729708656  -0.9058523913  -1.2515692574  -1.2762802885  -1.0829724375  -0.8582219709  -0.7843839111
   0.6323442182   0.6998795676   0.5494088097   0.2245073272  -0.2023648652  -0.6613992242  -1.1076622685  -1.5254939809  -1.9146504761  -2.2658846613
