   0.0017992588   0.0046726799   0.0072034318   0.0091902887   0.0104548962   0.0108491870   0.0102617159   0.0086227075   0.0059076583   0.0021393742  -0.0026116239  -0.0082283506  -0.0145502368  -0.0213775690  -0.0284773742  -0.0355905910  -0.0424403317  -0.0487410046  -0.0542080348  -0.0585678956
   0.0029458778   0.0054360529   0.0075244309   0.0090471991   0.0098678865   0.0098817119   0.0090185424   0.0072445466   0.0045626807   0.0010121677  -0.0033328601  -0.0083654138  -0.0139482818  -0.0199171824  -0.0260844155  -0.0322430382  -0.0381716121  -0.0436395829  -0.0484133358  -0.0522629351
   0.0048363848   0.0066014060   0.0078562176   0.0085085961   0.0085022871   0.0078154188   0.0064569276   0.0044616388   0.0018847193  -0.0012037902  -0.0047237390  -0.0085884544  -0.0127068754  -0.0169841814  -0.0213210870  -0.0256121781  -0.0297438170  -0.0335922423  -0.0370225018  -0.0398888057
   0.0073990345   0.0081587343   0.0082527554   0.0076892683   0.0065249693   0.0048550591   0.0028003607   0.0004930241  -0.0019376355  -0.0043776778  -0.0067381752  -0.0089610045  -0.0110202778  -0.0129193785  -0.0146840451  -0.0163523824  -0.0179630145  -0.0195428143  -0.0210957030  -0.0225939291
   0.0105318134   0.0100915948   0.0087867671   0.0067471824   0.0041673477   0.0012859849  -0.0016383845  -0.0043533779  -0.0066376304  -0.0083221487  -0.0093060385  -0.0095650732  -0.0091522904  -0.0081906015  -0.0068581993  -0.0053682668  -0.0039450639  -0.0027988325  -0.0021020822  -0.0019696920
   0.0141038460   0.0123709339   0.0095363517   0.0058638467   0.0017010165  -0.0025528964  -0.0064844949  -0.0097054074  -0.0118893831  -0.0128037191  -0.0123319757  -0.0104857686  -0.0074044836  -0.0033429181   0.0013519773   0.0062730361   0.0109904340   0.0150912730   0.0182174088   0.0200979146
   0.0179575145   0.0149482487   0.0105695734   0.0052214207  -0.0005908482  -0.0063010306  -0.0113334132  -0.0151560215  -0.0173307376  -0.0175555024  -0.0156945406  -0.0117936753  -0.0060791995   0.0010596670   0.0091031490   0.0174451288   0.0254450896   0.0324829602   0.0380117730   0.0416032760
   0.0219115054   0.0177491290   0.0119288374   0.0049790095  -0.0024434484  -0.0096099240  -0.0157852018  -0.0202947810  -0.0225880692  -0.0222914485  -0.0192461243  -0.0135270828  -0.0054412437   0.0044951429   0.0155978587   0.0270710730   0.0380735241   0.0477884485   0.0554908540   0.0606060176
   0.0257649754   0.0206682622   0.0136169338   0.0052506945  -0.0036386675  -0.0121754157  -0.0194778261  -0.0247387264  -0.0273010412  -0.0267211779  -0.0228141770  -0.0156762417  -0.0056823694   0.0065408574   0.0201649282   0.0342270102   0.0477093272   0.0596230491   0.0690890369   0.0754081292
   0.0293029818   0.0235668823   0.0155865152   0.0060877086  -0.0040288542  -0.0137654374  -0.0221163444  -0.0281600031  -0.0311453775  -0.0305644957  -0.0262041410  -0.0181716798  -0.0068924179   0.0069214498   0.0223275589   0.0382306148   0.0534730820   0.0669310078   0.0776062223   0.0847065414
   0.0323032325   0.0262734475   0.0177344575   0.0074667724  -0.0035536612  -0.0142406304  -0.0234954082  -0.0303079454  -0.0338519427  -0.0335647463  -0.0292043916  -0.0208782450  -0.0090403601   0.0055423860   0.0218523658   0.0387058078   0.0548521458   0.0690789501   0.0803127875   0.0877067920
   0.0345440988   0.0285880239   0.0199020923   0.0092860146  -0.0022481909  -0.0135658922  -0.0235131463  -0.0310238848  -0.0352208029  -0.0355003014  -0.0315933004  -0.0235960034  -0.0119675279   0.0025055373   0.0187744517   0.0356174867   0.0517446473   0.0659082076   0.0770087985   0.0841872527
   0.0358137119   0.0302904907   0.0218817184   0.0113691525  -0.0002415552  -0.0118118172  -0.0221753448  -0.0302476619  -0.0351294309  -0.0361936550  -0.0331483308  -0.0260684444  -0.0153941247  -0.0018950001   0.0133959655   0.0292729662   0.0444636671   0.0577413295   0.0680322156   0.0745082241
   0.0359198255   0.0311522835   0.0234291683   0.0134777889   0.0022541024  -0.0091459812  -0.0195897814  -0.0280156163  -0.0335347725  -0.0355178134  -0.0336568516  -0.0279977102  -0.0189387943  -0.0071967012   0.0062581984   0.0202900794   0.0337014577   0.0453425551   0.0542158079   0.0595655870
   0.0347000132   0.0309510049   0.0242815794   0.0153308657   0.0049631289  -0.0058150088  -0.0159515139  -0.0244506352  -0.0304694540  -0.0333998864  -0.0329281430  -0.0290658395  -0.0221497114  -0.0128099371  -0.0019101351   0.0095351485   0.0204574529   0.0298365007   0.0367974796   0.0406940819
   0.0320316662   0.0294868922   0.0241789623   0.0166295800   0.0075725898  -0.0021192573  -0.0115207822  -0.0197455731  -0.0260329278  -0.0298220015  -0.0308058913  -0.0289603706  -0.0245444855  -0.0180729991  -0.0102634414  -0.0019630246   0.0059373337   0.0125933627   0.0172932152   0.0195301607
   0.0278411972   0.0265998756   0.0228877280   0.0170854991   0.0097626898   0.0016173386  -0.0065958702  -0.0141419485  -0.0203787768  -0.0248198404  -0.0271803379  -0.0274021458  -0.0256552505  -0.0223156093  -0.0179217656  -0.0131146619  -0.0085667837  -0.0049078417  -0.0026545617  -0.0021517665
   0.0221118322   0.0221858123   0.0202240724   0.0164492478   0.0112384491   0.0050792567  -0.0014837240  -0.0079062160  -0.0136996870  -0.0184792376  -0.0219991865  -0.0241728607  -0.0250747302  -0.0249248330  -0.0240572491  -0.0228760160  -0.0218031654  -0.0212243874  -0.0214380956  -0.0226133583
   0.0148894038   0.0162104634   0.0160750515   0.0145370354   0.0117595552   0.0079900432   0.0035287060  -0.0013060739  -0.0062117298  -0.0109313583  -0.0152763861  -0.0191398242  -0.0224989024  -0.0254070187  -0.0279760842  -0.0303513695  -0.0326817757  -0.0350889624  -0.0376389254  -0.0403194091
   0.0062856308   0.0087198946   0.0104153195   0.0112524476   0.0111654677   0.0101386155   0.0081995571   0.0054108198   0.0018604436  -0.0023469978  -0.0070979959  -0.0122755653  -0.0177621245  -0.0234397278  -0.0291879457  -0.0348800195  -0.0403781728  -0.0455291169  -0.0501608202  -0.0540815236
