   0.0144112686   0.0327260806   0.0411551382   0.0356333529   0.0144325050  -0.0215360813  -0.0687515502  -0.1214281601  -0.1721408268  -0.2126854477
   0.0265204619   0.0320349723   0.0277618993   0.0146389850  -0.0049294709  -0.0281887264  -0.0528620036  -0.0773733552  -0.1004431770  -0.1203326978
   0.0465678702   0.0306075409   0.0046043448  -0.0218495566  -0.0391178837  -0.0411551382  -0.0277618993  -0.0046043448   0.0190039150   0.0337051518
   0.0719791820   0.0323163434  -0.0190039150  -0.0623316246  -0.0793994567  -0.0600152894  -0.0060765801   0.0686153710   0.1427230847   0.1943659975
   0.0986837669   0.0401266666  -0.0337051517  -0.0943153838  -0.1154732092  -0.0828009698   0.0005031479   0.1139781737   0.2262185130   0.3049681676
   0.1211088743   0.0539861452  -0.0337051517  -0.1081748624  -0.1378983167  -0.1052260773  -0.0133563307   0.1139781737   0.2400779915   0.3273932750
   0.1326691271   0.0698247922  -0.0190039150  -0.0998400734  -0.1400894018  -0.1207052345  -0.0435850289   0.0686153709   0.1802315334   0.2550559424
   0.1268408920   0.0802189968   0.0046043448  -0.0714610125  -0.1193909056  -0.1214281600  -0.0773733552  -0.0046043448   0.0686153708   0.1139781735
   0.0986742955   0.0766284939   0.0277618993  -0.0299545366  -0.0770833045  -0.1003425600  -0.0974555251  -0.0773733553  -0.0558496555  -0.0481788644
   0.0463773614   0.0524822124   0.0411551382   0.0158772210  -0.0175335877  -0.0535021740  -0.0885076821  -0.1214281601  -0.1523846950  -0.1807193550
