   0.0000254491   0.0000381204   0.0000515259   0.0000634703   0.0000719777   0.0000758808   0.0000751796   0.0000710414   0.0000654420   0.0000605769
   0.0000538176   0.0000655455   0.0000803617   0.0000997302   0.0001253130   0.0001581858   0.0001983488   0.0002447261   0.0002956557   0.0003496735
   0.0001114640   0.0001191845   0.0001324743   0.0001601087   0.0002110198   0.0002907668   0.0003993496   0.0005312092   0.0006774133   0.0008291867
   0.0001998735   0.0001971173   0.0001989315   0.0002250395   0.0002952656   0.0004218866   0.0006049026   0.0008320367   0.0010834647   0.0013394630
   0.0003205661   0.0002975248   0.0002709579   0.0002751542   0.0003444370   0.0005000278   0.0007419267   0.0010489121   0.0013866606   0.0017208836
   0.0004745520   0.0004194883   0.0003434505   0.0002988861   0.0003382072   0.0004937980   0.0007656586   0.0011214047   0.0015086241   0.0018748695
   0.0006619884   0.0005634637   0.0004171195   0.0002971299   0.0002775681   0.0004041892   0.0006769931   0.0010502247   0.0014498110   0.0018015779
   0.0008821638   0.0007312369   0.0004984185   0.0002831544   0.0001847332   0.0002644802   0.0005223953   0.0008971533   0.0012894656   0.0015998865
   0.0011338124   0.0009253647   0.0005972718   0.0002777758   0.0000949207   0.0001277936   0.0003763944   0.0007616362   0.0011554748   0.0014296683
   0.0014156337   0.0011483031   0.0007234465   0.0003016122   0.0000431292   0.0000470323   0.0003133215   0.0007429620   0.0011756248   0.0014507616
