   0.0026912810   0.0042188469   0.0058028648   0.0071342085   0.0079303001   0.0080230076   0.0074123309   0.0062664022   0.0048677992   0.0035256482
   0.0030273167   0.0044407529   0.0059802524   0.0074312459   0.0086031139   0.0093839204   0.0097736652   0.0098842846   0.0099063980   0.0100545746
   0.0038363106   0.0049800931   0.0063349269   0.0078744264   0.0095912127   0.0114853867   0.0135569482   0.0158057966   0.0182393107   0.0208838761
   0.0053414761   0.0059962773   0.0068742670   0.0082291008   0.0103266373   0.0133341787   0.0172517252   0.0219119743   0.0270490676   0.0324093493
   0.0077702319   0.0076609186   0.0076246585   0.0082845700   0.0102679768   0.0139636172   0.0193714913   0.0261028606   0.0335304016   0.0410309957
   0.0112717033   0.0101049596   0.0086411597   0.0079594444   0.0091347491   0.0128303895   0.0190463656   0.0271193619   0.0359744425   0.0445324671
   0.0158648969   0.0133835595   0.0100096836   0.0073619803   0.0070469574   0.0100544988   0.0163846046   0.0250473909   0.0344363497   0.0429327700
   0.0214368400   0.0174706951   0.0118385872   0.0067794830   0.0045133431   0.0064075170   0.0124620049   0.0213094569   0.0307299128   0.0384844055
   0.0277908676   0.0222840033   0.0142404945   0.0065978144   0.0022694860   0.0030502924   0.0089402337   0.0181445267   0.0277496483   0.0348181255
   0.0347261097   0.0277289177   0.0173090233   0.0071788862   0.0010244176   0.0011171250   0.0074570087   0.0177725607   0.0283778700   0.0355604769
