   0.0023325387   0.0030458083   0.0038233794   0.0046328841   0.0054361986   0.0061921723   0.0068597435   0.0074011632   0.0077850273   0.0079888399   0.0080008666   0.0078211076   0.0074612969   0.0069439307   0.0063004130   0.0055684929   0.0047892318   0.0040037807   0.0032502630   0.0025610470
   0.0024237171   0.0031217999   0.0038856720   0.0046850839   0.0054846697   0.0062464301   0.0069325632   0.0075083875   0.0079450914   0.0082220542   0.0083285254   0.0082645050   0.0080407436   0.0076778617   0.0072046711   0.0066558531   0.0060692097   0.0054827402   0.0049318105   0.0044466702
   0.0026155920   0.0032827507   0.0040177358   0.0047945261   0.0055832628   0.0063522422   0.0070701745   0.0077085086   0.0082436129   0.0086586150   0.0089447303   0.0091019587   0.0091390849   0.0090729814   0.0089272796   0.0087305307   0.0085140246   0.0083094648   0.0081467102   0.0080517821
   0.0029262821   0.0035457595   0.0042338641   0.0049708949   0.0057352331   0.0065046000   0.0072574577   0.0079744368   0.0086396657   0.0092418868   0.0097752609   0.0102397880   0.0106413073   0.0109910763   0.0113049668   0.0116023481   0.0119047580   0.0122344754   0.0126131190   0.0130603897
   0.0033807599   0.0039344640   0.0045538986   0.0052277500   0.0059453481   0.0066969462   0.0074739793   0.0082692952   0.0090773495   0.0098943581   0.0107184023   0.0115494823   0.0123895166   0.0132422892   0.0141133446   0.0150098351   0.0159403255   0.0169145627   0.0179432165   0.0190376010
   0.0040084483   0.0044768465   0.0050014844   0.0055814680   0.0062197541   0.0069222068   0.0076964296   0.0085505029   0.0094917607   0.0105257404   0.0116554134   0.0128807797   0.0141988678   0.0156041405   0.0170892636   0.0186461569   0.0202672168   0.0219465791   0.0236812871   0.0254722349
   0.0048403917   0.0052026502   0.0056020087   0.0060499861   0.0065658059   0.0071739880   0.0079014707   0.0087745569   0.0098159917   0.0110424684   0.0124628116   0.0140770212   0.0158762727   0.0178438728   0.0199570764   0.0221895806   0.0245144471   0.0269071560   0.0293484839   0.0318269118
   0.0059062806   0.0061406543   0.0063804221   0.0066514636   0.0069918658   0.0074478103   0.0080687023   0.0089020289   0.0099884569   0.0113576552   0.0130252572   0.0149912629   0.0172400388   0.0197419161   0.0224562281   0.0253354876   0.0283302893   0.0313944518   0.0344898879   0.0375907183
   0.0072316165   0.0073160697   0.0073591461   0.0074029822   0.0075070789   0.0077422419   0.0081834379   0.0089022692   0.0099598102   0.0114005090   0.0132477551   0.0155015483   0.0181384993   0.0211141601   0.0243674562   0.0278267852   0.0314171806   0.0350678366   0.0387192522   0.0423292911
   0.0088352950   0.0087483069   0.0085562633   0.0083194002   0.0081211315   0.0080598044   0.0082390012   0.0087573369   0.0096987543   0.0111242663   0.0130659568   0.0155238258   0.0184657894   0.0218308347   0.0255350189   0.0294797269   0.0335613767   0.0376816208   0.0417570454   0.0457274144
   0.0107278400   0.0104493267   0.0099841588   0.0094124590   0.0088440011   0.0084075431   0.0082382958   0.0084647496   0.0091961493   0.0105118407   0.0124535312   0.0150212208   0.0181732020   0.0218301293   0.0258827576   0.0302025965   0.0346544355   0.0391095162   0.0434580651   0.0476199594
   0.0129104618   0.0124227296   0.0116487350   0.0106902175   0.0096857046   0.0087971863   0.0081944724   0.0080387566   0.0084669927   0.0095786084   0.0114258545   0.0140087308   0.0172749868   0.0211251946   0.0254224006   0.0300054109   0.0347044159   0.0393574254   0.0438259121   0.0480081363
   0.0153750266   0.0146636673   0.0135492661   0.0121568534   0.0106560515   0.0092448562   0.0081306054   0.0075099890   0.0075500500   0.0083720293   0.0100396312   0.0125528560   0.0158479990   0.0198038193   0.0242532740   0.0289996733   0.0338356791   0.0385632958   0.0430129010   0.0470594643
   0.0181049409   0.0171595783   0.0156788965   0.0138128372   0.0117644086   0.0097703397   0.0080783854   0.0069234919   0.0065051455   0.0069681138   0.0083884570   0.0107661750   0.0140252077   0.0180207875   0.0225534281   0.0273881833   0.0322772983   0.0369840439   0.0413054119   0.0450914609
   0.0210768594   0.0198916675   0.0180257229   0.0156554483   0.0130194811   0.0103959685   0.0080759337   0.0063353078   0.0054083509   0.0054650543   0.0065947272   0.0087973698   0.0119836727   0.0159836446   0.0205630253   0.0254458839   0.0303411970   0.0349708176   0.0390961081   0.0425406460
   0.0242630498   0.0228369819   0.0205743450   0.0176795666   0.0144291142   0.0111451987   0.0081649291   0.0058079215   0.0043455182   0.0039746165   0.0047986608   0.0068176510   0.0099281429   0.0139332390   0.0185615971   0.0234936012   0.0283921421   0.0329350090   0.0368457344   0.0399198909
   0.0276341790   0.0259708702   0.0233077225   0.0198786520   0.0160001191   0.0120410102   0.0083873075   0.0054049879   0.0034047649   0.0026121110   0.0031454851   0.0050048871   0.0080718584   0.0121209262   0.0168413770   0.0218672341   0.0268125151   0.0313083339   0.0350382297   0.0377682867
   0.0311622468   0.0292695828   0.0262091493   0.0222458016   0.0177381250   0.0131042646   0.0087818385   0.0051858392   0.0026686249   0.0014859019   0.0017720171   0.0035269707   0.0066164155   0.0107846453   0.0156793020   0.0208853930   0.0259653001   0.0305008783   0.0341335423   0.0365984369
   0.0348233793   0.0327127512   0.0292641427   0.0247747728   0.0196474596   0.0143521681   0.0093808961   0.0052002908   0.0022066160   0.0006874618   0.0007939330   0.0025260296   0.0057326469   0.0101261946   0.0153104090   0.0208186430   0.0261588986   0.0308612109   0.0345227619   0.0368463324
   0.0386002058   0.0362855020   0.0324620574   0.0274608622   0.0217310583   0.0157969775   0.0102077276   0.0054842389   0.0020689333   0.0002829293   0.0002949561   0.0021050136   0.0055443726   0.0102919149   0.0159052183   0.0218633526   0.0276172100   0.0326424586   0.0364899568   0.0388287141
