   0.0000050043   0.0000064729   0.0000080750   0.0000097458   0.0000114094   0.0000129838   0.0000143878   0.0000155466   0.0000163980   0.0000168974   0.0000170218   0.0000167711   0.0000161685   0.0000152584   0.0000141032   0.0000127774   0.0000113626   0.0000099405   0.0000085872   0.0000073673
   0.0000068100   0.0000082473   0.0000098289   0.0000115088   0.0000132368   0.0000149612   0.0000166320   0.0000182043   0.0000196415   0.0000209173   0.0000220183   0.0000229446   0.0000237095   0.0000243392   0.0000248705   0.0000253482   0.0000258222   0.0000263444   0.0000269649   0.0000277296
   0.0000104400   0.0000118060   0.0000133281   0.0000149982   0.0000168175   0.0000187945   0.0000209420   0.0000232750   0.0000258074   0.0000285501   0.0000315088   0.0000346837   0.0000380688   0.0000416533   0.0000454233   0.0000493639   0.0000534621   0.0000577094   0.0000621049   0.0000666564
   0.0000159298   0.0000171677   0.0000185565   0.0000201448   0.0000220108   0.0000242531   0.0000269790   0.0000302931   0.0000342854   0.0000390219   0.0000445376   0.0000508325   0.0000578716   0.0000655889   0.0000738944   0.0000826835   0.0000918489   0.0001012920   0.0001109346   0.0001207280
   0.0000233283   0.0000243587   0.0000254924   0.0000268537   0.0000286235   0.0000310204   0.0000342776   0.0000386190   0.0000442361   0.0000512687   0.0000597902   0.0000698008   0.0000812268   0.0000939285   0.0001077144   0.0001223607   0.0001376340   0.0001533158   0.0001692251   0.0001852378
   0.0000326931   0.0000334099   0.0000341108   0.0000350143   0.0000364297   0.0000387254   0.0000422918   0.0000475022   0.0000546747   0.0000640410   0.0000757231   0.0000897210   0.0001059127   0.0001240666   0.0001438643   0.0001649328   0.0001868817   0.0002093424   0.0002320057   0.0002546531
   0.0000440851   0.0000443548   0.0000443865   0.0000445118   0.0000451935   0.0000469800   0.0000504503   0.0000561563   0.0000645682   0.0000760282   0.0000907162   0.0001086321   0.0001295961   0.0001532661   0.0001791717   0.0002067611   0.0002354553   0.0002647060   0.0002940502   0.0003231564
   0.0000575624   0.0000572260   0.0000562973   0.0000552391   0.0000546936   0.0000554188   0.0000582131   0.0000638372   0.0000729386   0.0000859880   0.0001032329   0.0001246733   0.0001500618   0.0001789275   0.0002106229   0.0002443876   0.0002794229   0.0003149709   0.0003503894   0.0003852156
   0.0000731750   0.0000720530   0.0000698266   0.0000671087   0.0000647460   0.0000637354   0.0000651266   0.0000699182   0.0000789601   0.0000928700   0.0001119726   0.0001362680   0.0001654313   0.0001988450   0.0002356591   0.0002748749   0.0003154429   0.0003563661   0.0003967977   0.0004361249
   0.0000909600   0.0000888593   0.0000849662   0.0000800620   0.0000752229   0.0000717149   0.0000708693   0.0000739526   0.0000820421   0.0000959208   0.0001160001   0.0001422800   0.0001743491   0.0002114244   0.0002524285   0.0002960951   0.0003410928   0.0003861556   0.0004302073   0.0004724665
   0.0001109381   0.0001076609   0.0001017176   0.0000940762   0.0000860675   0.0000792559   0.0000752855   0.0000757200   0.0000818893   0.0000947596   0.0001148389   0.0001421271   0.0001761164   0.0002158406   0.0002599695   0.0003069398   0.0003551070   0.0004029070   0.0004490088   0.0004924447
   0.0001331118   0.0001284652   0.0001200930   0.0001091679   0.0000973004   0.0000863825   0.0000784022   0.0000752497   0.0000785324   0.0000894181   0.0001085207   0.0001358403   0.0001707628   0.0002121206   0.0002583062   0.0003074294   0.0003575020   0.0004066325   0.0004532099   0.0004960618
   0.0001574653   0.0001512709   0.0001401149   0.0001253926   0.0001090193   0.0000932438   0.0000804287   0.0000728201   0.0000723279   0.0000803395   0.0000975844   0.0001240626   0.0001590446   0.0002011431   0.0002484480   0.0002987133   0.0003495763   0.0003987884   0.0004444342   0.0004851185
   0.0001839663   0.0001760684   0.0001618145   0.0001428405   0.0001213910   0.0001001008   0.0000817380   0.0000689336   0.0000639250   0.0000683376   0.0000830256   0.0001079889   0.0001423734   0.0001845537   0.0002322925   0.0002829586   0.0003337841   0.0003821340   0.0004257639   0.0004630377
   0.0002125692   0.0002028417   0.0001852301   0.0001616288   0.0001346363   0.0001073026   0.0000828319   0.0000642693   0.0000542047   0.0000545190   0.0000662011   0.0000892510   0.0001226799   0.0001646066   0.0002124416   0.0002631394   0.0003134961   0.0003604617   0.0004014375   0.0004345292
   0.0002432199   0.0002315700   0.0002104037   0.0001818912   0.0001490100   0.0001152541   0.0000842940   0.0000596188   0.0000441949   0.0000401774   0.0000486989   0.0000697596   0.0001022266   0.0001439449   0.0001919481   0.0002427471   0.0002926715   0.0003382270   0.0003764365   0.0004051295
   0.0002758610   0.0002622304   0.0002373774   0.0002037662   0.0001647770   0.0001243771   0.0000867343   0.0000558098   0.0000349722   0.0000266681   0.0000321838   0.0000515193   0.0000833883   0.0001253442   0.0001740184   0.0002254496   0.0002754702   0.0003201129   0.0003559973   0.0003806593
   0.0003104380   0.0002948006   0.0002661907   0.0002273837   0.0001821875   0.0001350713   0.0000907303   0.0000536275   0.0000275578   0.0000152777   0.0000182365   0.0000364340   0.0000684213   0.0001114416   0.0001617001   0.0002147338   0.0002658476   0.0003105721   0.0003450995   0.0003666544
   0.0003469040   0.0003292611   0.0002968763   0.0002528538   0.0002014533   0.0001476751   0.0000967722   0.0000537381   0.0000228189   0.0000070992   0.0000082002   0.0000261220   0.0000592432   0.0001044794   0.0001575844   0.0002135647   0.0002671672   0.0003133918   0.0003479787   0.0003678237
   0.0003852253   0.0003655978   0.0003294579   0.0002802560   0.0002227281   0.0001624341   0.0001052154   0.0000566251   0.0000213852   0.0000029258   0.0000030502   0.0000217583   0.0000572469   0.0001060860   0.0001635534   0.0002240961   0.0002818728   0.0003313234   0.0003677121   0.0003875883
