   0.0023375430   0.0030522811   0.0038314544   0.0046426299   0.0054476080   0.0062051561   0.0068741313   0.0074167098   0.0078014253   0.0080057373   0.0080178884   0.0078378786   0.0074774654   0.0069591892   0.0063145162   0.0055812703   0.0048005944   0.0040137212   0.0032588502   0.0025684143
   0.0024305270   0.0031300471   0.0038955008   0.0046965926   0.0054979065   0.0062613913   0.0069491952   0.0075265919   0.0079647328   0.0082429715   0.0083505437   0.0082874496   0.0080644531   0.0077022010   0.0072295416   0.0066812012   0.0060950319   0.0055090846   0.0049587754   0.0044743998
   0.0026260320   0.0032945567   0.0040310639   0.0048095243   0.0056000803   0.0063710366   0.0070911165   0.0077317836   0.0082694203   0.0086871651   0.0089762391   0.0091366424   0.0091771537   0.0091146347   0.0089727029   0.0087798946   0.0085674866   0.0083671743   0.0082088151   0.0081184384
   0.0029422118   0.0035629272   0.0042524206   0.0049910397   0.0057572440   0.0065288531   0.0072844367   0.0080047299   0.0086739511   0.0092809087   0.0098197985   0.0102906204   0.0106991788   0.0110566652   0.0113788611   0.0116850316   0.0119966069   0.0123357674   0.0127240536   0.0131811177
   0.0034040882   0.0039588226   0.0045793911   0.0052546037   0.0059739717   0.0067279666   0.0075082569   0.0083079142   0.0091215856   0.0099456267   0.0107781926   0.0116192830   0.0124707433   0.0133362177   0.0142210591   0.0151321957   0.0160779594   0.0170678784   0.0181124416   0.0192228389
   0.0040411414   0.0045102564   0.0050355952   0.0056164823   0.0062561838   0.0069609321   0.0077387215   0.0085980051   0.0095464354   0.0105897814   0.0117311365   0.0129705007   0.0143047805   0.0157282071   0.0172331279   0.0188110897   0.0204540985   0.0221559215   0.0239132928   0.0257268880
   0.0048844768   0.0052470050   0.0056463952   0.0060944978   0.0066109994   0.0072209680   0.0079519210   0.0088307132   0.0098805600   0.0111184966   0.0125535277   0.0141856533   0.0160058688   0.0179971389   0.0201362481   0.0223963418   0.0247499025   0.0271718621   0.0296425341   0.0321500682
   0.0059638430   0.0061978803   0.0064367194   0.0067067027   0.0070465595   0.0075032291   0.0081269154   0.0089658662   0.0100613956   0.0114436432   0.0131284901   0.0151159362   0.0173901006   0.0199208436   0.0226668511   0.0255798752   0.0286097122   0.0317094227   0.0348402773   0.0379759338
   0.0073047915   0.0073881227   0.0074289727   0.0074700910   0.0075718248   0.0078059773   0.0082485645   0.0089721874   0.0100387703   0.0114933790   0.0133597277   0.0156378163   0.0183039307   0.0213130051   0.0246031153   0.0281016601   0.0317326235   0.0354242026   0.0391160499   0.0427654160
   0.0089262549   0.0088371662   0.0086412295   0.0083994622   0.0081963544   0.0081315193   0.0083098705   0.0088312895   0.0097807964   0.0112201871   0.0131819569   0.0156661058   0.0186401385   0.0220422590   0.0257874474   0.0297758221   0.0339024694   0.0380677763   0.0421872526   0.0461998809
   0.0108387781   0.0105569876   0.0100858764   0.0095065352   0.0089300686   0.0084867990   0.0083135813   0.0085404695   0.0092780385   0.0106066003   0.0125683701   0.0151633479   0.0183493185   0.0220459698   0.0261427271   0.0305095363   0.0350095424   0.0395124233   0.0439070740   0.0481124041
   0.0130435736   0.0125511947   0.0117688280   0.0107993854   0.0097830050   0.0088835688   0.0082728747   0.0081140063   0.0085455251   0.0096680265   0.0115343752   0.0141445710   0.0174457496   0.0213373153   0.0256807068   0.0303128403   0.0350619180   0.0397640579   0.0442791219   0.0485041981
   0.0155324920   0.0148149382   0.0136893809   0.0122822459   0.0107650708   0.0093381000   0.0082110342   0.0075828091   0.0076223779   0.0084523688   0.0101372157   0.0126769186   0.0160070436   0.0200049624   0.0245017220   0.0292983865   0.0341852554   0.0389620842   0.0434573352   0.0475445828
   0.0182889072   0.0173356467   0.0158407110   0.0139556777   0.0118857996   0.0098704405   0.0081601234   0.0069924255   0.0065690705   0.0070364514   0.0084714825   0.0108741639   0.0141675811   0.0182053412   0.0227857206   0.0276711420   0.0326110823   0.0373661779   0.0417311758   0.0455544986
   0.0212894286   0.0200945092   0.0182109531   0.0158170770   0.0131541174   0.0105032711   0.0081587656   0.0063995771   0.0054625556   0.0055195733   0.0066609284   0.0088866209   0.0121063526   0.0161482512   0.0207754669   0.0257090233   0.0306546932   0.0353312794   0.0394975457   0.0429751752
   0.0245062697   0.0230685519   0.0207847487   0.0178614578   0.0145781242   0.0112604528   0.0082492231   0.0058675403   0.0043897131   0.0040147939   0.0048473597   0.0068874106   0.0100303694   0.0140771839   0.0187535452   0.0237363483   0.0286848135   0.0332732360   0.0372221709   0.0403250204
   0.0279100400   0.0262331006   0.0235451000   0.0200824181   0.0161648961   0.0121653874   0.0084740419   0.0054607978   0.0034397370   0.0026387791   0.0031776689   0.0050564064   0.0081552467   0.0122462704   0.0170153954   0.0220926837   0.0270879853   0.0316284467   0.0353942270   0.0381489460
   0.0314726848   0.0295643834   0.0264753400   0.0224731853   0.0179203125   0.0132393359   0.0088725688   0.0052394667   0.0026961826   0.0015011796   0.0017902536   0.0035634047   0.0066848368   0.0108960870   0.0158410021   0.0211001268   0.0262311476   0.0308114504   0.0344786418   0.0369650912
   0.0351702833   0.0330420123   0.0295610190   0.0250276266   0.0198489129   0.0144998431   0.0094776682   0.0052540288   0.0022294349   0.0006945610   0.0008021332   0.0025521516   0.0057918901   0.0102306740   0.0154679934   0.0210322076   0.0264260659   0.0311746027   0.0348707406   0.0372141561
   0.0389854311   0.0366510998   0.0327915152   0.0277411182   0.0219537864   0.0159594116   0.0103129431   0.0055408640   0.0020903185   0.0002858551   0.0002980062   0.0021267719   0.0056016196   0.0103980009   0.0160687717   0.0220874487   0.0278990828   0.0329737820   0.0368576689   0.0392163024
