   0.0027167301   0.0042569673   0.0058543907   0.0071976788   0.0080022778   0.0080988884   0.0074875105   0.0063374435   0.0049332412   0.0035862252
   0.0030811343   0.0045062985   0.0060606141   0.0075309761   0.0087284269   0.0095421062   0.0099720140   0.0101290107   0.0102020536   0.0104042481
   0.0039477745   0.0050992776   0.0064674012   0.0080345350   0.0098022325   0.0117761535   0.0139562978   0.0163370057   0.0189167240   0.0217130627
   0.0055413496   0.0061933947   0.0070731985   0.0084541403   0.0106219028   0.0137560654   0.0178566278   0.0227440111   0.0281325322   0.0337488122
   0.0080907980   0.0079584434   0.0078956164   0.0085597242   0.0106124137   0.0144636450   0.0201134179   0.0271517726   0.0349170622   0.0427518793
   0.0117462553   0.0105244478   0.0089846103   0.0082583304   0.0094729563   0.0133241875   0.0198120242   0.0282407666   0.0374830666   0.0464073366
   0.0165268853   0.0139470232   0.0104268031   0.0076591102   0.0073245255   0.0104586880   0.0170615977   0.0260976157   0.0358861607   0.0447343479
   0.0223190038   0.0182019320   0.0123370057   0.0070626375   0.0046980763   0.0066719972   0.0129844002   0.0222066102   0.0320193784   0.0400842920
   0.0289246800   0.0232093680   0.0148377664   0.0068755902   0.0023644067   0.0031780860   0.0093166281   0.0189061629   0.0289051232   0.0362477938
   0.0361417434   0.0288772208   0.0180324698   0.0074804985   0.0010675468   0.0011641573   0.0077703302   0.0185155227   0.0295534948   0.0370112385
