   0.1901284440   0.1848135755   0.1830729404   0.1822577045   0.1817403495   0.1813591060   0.1810519898   0.1808000355   0.1805810927   0.1803949439   0.1802246324   0.1800781669   0.1799375175   0.1798176006   0.1796959608   0.1795954689   0.1794860121   0.1794011106   0.1792987518   0.1792278423   0.1791279619   0.1790715711   0.1789686818   0.1789305812   0.1788147543
   0.5027294160   0.4991980041   0.4963790593   0.4942207920   0.4925269266   0.4911796704   0.4900555701   0.4891212984   0.4882962203   0.4875934075   0.4869406384   0.4863822373   0.4858362333   0.4853769681   0.4848994752   0.4845146257   0.4840801757   0.4837568351   0.4833455904   0.4830793965   0.4826724145   0.4824676757   0.4820415760   0.4819158647   0.4814321045
   0.6903871533   0.6895200063   0.6883931454   0.6872002152   0.6859878995   0.6848496533   0.6837462255   0.6827502689   0.6817805859   0.6809251825   0.6800688714   0.6793334253   0.6785625586   0.6779277653   0.6772161377   0.6766689272   0.6759928239   0.6755273969   0.6748637854   0.6744823266   0.6738058944   0.6735203182   0.6727992681   0.6726347656   0.6718250639
   0.8176578438   0.8173183826   0.8168731159   0.8163814935   0.8157888522   0.8151909884   0.8145102685   0.8138678916   0.8131466735   0.8125022777   0.8117662305   0.8111451386   0.8104037759   0.8098216222   0.8090741901   0.8085428534   0.8077817214   0.8073133132   0.8065252190   0.8061349158   0.8053007297   0.8050091362   0.8041026758   0.8039380197   0.8029244478
   0.9221971429   0.9219194325   0.9215956846   0.9212909741   0.9209133820   0.9205597125   0.9201119046   0.9197072932   0.9191883902   0.9187439860   0.9181600520   0.9176930750   0.9170508664   0.9165807265   0.9158842303   0.9154311518   0.9146798419   0.9142649457   0.9134528597   0.9130989775   0.9122141081   0.9119468942   0.9109706882   0.9108197647   0.9097266838
   1.0221971429   1.0219194325   1.0215956846   1.0212909741   1.0209133820   1.0205597125   1.0201119046   1.0197072932   1.0191883902   1.0187439860   1.0181600520   1.0176930750   1.0170508664   1.0165807265   1.0158842303   1.0154311518   1.0146798419   1.0142649457   1.0134528597   1.0130989775   1.0122141081   1.0119468942   1.0109706882   1.0108197647   1.0097266838
   1.1176578438   1.1173183826   1.1168731159   1.1163814935   1.1157888522   1.1151909884   1.1145102685   1.1138678916   1.1131466735   1.1125022777   1.1117662305   1.1111451386   1.1104037759   1.1098216222   1.1090741901   1.1085428534   1.1077817214   1.1073133132   1.1065252190   1.1061349158   1.1053007297   1.1050091362   1.1041026758   1.1039380197   1.1029244478
   1.1903871533   1.1895200063   1.1883931454   1.1872002152   1.1859878995   1.1848496533   1.1837462255   1.1827502689   1.1817805859   1.1809251825   1.1800688714   1.1793334253   1.1785625586   1.1779277653   1.1772161377   1.1766689272   1.1759928239   1.1755273969   1.1748637854   1.1744823266   1.1738058944   1.1735203182   1.1727992681   1.1726347656   1.1718250639
   1.2027294160   1.1991980041   1.1963790593   1.1942207920   1.1925269266   1.1911796704   1.1900555701   1.1891212984   1.1882962203   1.1875934075   1.1869406384   1.1863822373   1.1858362333   1.1853769681   1.1848994752   1.1845146257   1.1840801757   1.1837568351   1.1833455904   1.1830793965   1.1826724145   1.1824676757   1.1820415760   1.1819158647   1.1814321045
   1.0901284440   1.0848135755   1.0830729404   1.0822577045   1.0817403495   1.0813591060   1.0810519898   1.0808000355   1.0805810927   1.0803949439   1.0802246324   1.0800781669   1.0799375175   1.0798176006   1.0796959608   1.0795954689   1.0794860121   1.0794011106   1.0792987518   1.0792278423   1.0791279619   1.0790715711   1.0789686818   1.0789305812   1.0788147543
