   0.2189036050   0.2274081311   0.2304271211   0.2317875384   0.2325676968   0.2330948957   0.2334872580   0.2337927099   0.2340402247   0.2342426582   0.2344142235   0.2345579131   0.2346841903   0.2347908276   0.2348881651   0.2349696814   0.2350478414   0.2351112029   0.2351766730   0.2352259084   0.2352836275   0.2353205694   0.2353752297   0.2353991514   0.2354577777
   0.5053359716   0.5085088079   0.5112643511   0.5134010986   0.5150363973   0.5162983432   0.5172975541   0.5180983025   0.5187605625   0.5193074899   0.5197774899   0.5201720618   0.5205237305   0.5208194067   0.5210942561   0.5213213414   0.5215451001   0.5217214639   0.5219118921   0.5220476200   0.5222188953   0.5223178089   0.5224841633   0.5225425348   0.5227238500
   0.6903838663   0.6904867351   0.6909486113   0.6915827614   0.6922844654   0.6929761600   0.6936400095   0.6942444213   0.6948059330   0.6953016709   0.6957637819   0.6961634810   0.6965452186   0.6968668793   0.6971882358   0.6974471846   0.6977257037   0.6979327731   0.6981837489   0.6983449458   0.6985828268   0.6986988797   0.6989393707   0.6990045033   0.6992673549
   0.8176457309   0.8173426733   0.8171265059   0.8169924799   0.8169499160   0.8169640291   0.8170426585   0.8171443833   0.8172899372   0.8174329059   0.8176107097   0.8177670710   0.8179589493   0.8181133383   0.8183115317   0.8184553451   0.8186581733   0.8187857706   0.8189952481   0.8191016277   0.8193224261   0.8194017599   0.8196409627   0.8196856204   0.8199528064
   0.9222046812   0.9219044412   0.9216170785   0.9213345892   0.9210872544   0.9208560773   0.9206737654   0.9205074185   0.9203964005   0.9202928003   0.9202483534   0.9201975677   0.9202107714   0.9202001927   0.9202618757   0.9202788124   0.9203814068   0.9204140789   0.9205522769   0.9205900247   0.9207608030   0.9207940292   0.9209962986   0.9210164803   0.9212504152
   1.0222046812   1.0219044412   1.0216170785   1.0213345892   1.0210872544   1.0208560773   1.0206737654   1.0205074185   1.0203964005   1.0202928003   1.0202483534   1.0201975677   1.0202107714   1.0202001927   1.0202618757   1.0202788124   1.0203814068   1.0204140789   1.0205522769   1.0205900247   1.0207608030   1.0207940292   1.0209962986   1.0210164803   1.0212504152
   1.1176457309   1.1173426733   1.1171265059   1.1169924799   1.1169499160   1.1169640291   1.1170426585   1.1171443833   1.1172899372   1.1174329059   1.1176107097   1.1177670710   1.1179589493   1.1181133383   1.1183115317   1.1184553451   1.1186581733   1.1187857706   1.1189952481   1.1191016277   1.1193224261   1.1194017599   1.1196409627   1.1196856204   1.1199528064
   1.1903838663   1.1904867351   1.1909486113   1.1915827614   1.1922844654   1.1929761600   1.1936400095   1.1942444213   1.1948059330   1.1953016709   1.1957637819   1.1961634810   1.1965452186   1.1968668793   1.1971882358   1.1974471846   1.1977257037   1.1979327731   1.1981837489   1.1983449458   1.1985828268   1.1986988797   1.1989393707   1.1990045033   1.1992673549
   1.2053359716   1.2085088079   1.2112643511   1.2134010986   1.2150363973   1.2162983432   1.2172975541   1.2180983025   1.2187605625   1.2193074899   1.2197774899   1.2201720618   1.2205237305   1.2208194067   1.2210942561   1.2213213414   1.2215451001   1.2217214639   1.2219118921   1.2220476200   1.2222188953   1.2223178089   1.2224841633   1.2225425348   1.2227238500
   1.1189036050   1.1274081311   1.1304271211   1.1317875384   1.1325676968   1.1330948957   1.1334872580   1.1337927099   1.1340402247   1.1342426582   1.1344142235   1.1345579131   1.1346841903   1.1347908276   1.1348881651   1.1349696814   1.1350478414   1.1351112029   1.1351766730   1.1352259084   1.1352836275   1.1353205694   1.1353752297   1.1353991514   1.1354577777
