   0.1167972181   0.1449410166   0.1602046504   0.1685323743   0.1731215130   0.1756901778   0.1771521383   0.1780027162   0.1785018831   0.1787997856   0.1789703769   0.1790674917   0.1791094273   0.1791236180   0.1791082972   0.1790852692   0.1790419283   0.1790022496   0.1789440189   0.1788983647   0.1788310204   0.1787862520   0.1787108183   0.1786746069   0.1785829190
   0.4919878312   0.4847700786   0.4818375689   0.4810281800   0.4811484304   0.4816127184   0.4821052155   0.4825302656   0.4828154644   0.4829999308   0.4830543871   0.4830524351   0.4829509564   0.4828396373   0.4826453566   0.4824798832   0.4822309123   0.4820466373   0.4817622610   0.4815834687   0.4812699287   0.4811174952   0.4807690655   0.4806691164   0.4802609332
   0.6903789421   0.6865404359   0.6838816687   0.6819854072   0.6805445105   0.6794422608   0.6785217633   0.6777800909   0.6770982850   0.6765336329   0.6759630692   0.6754925145   0.6749716591   0.6745589481   0.6740567795   0.6736890233   0.6731878802   0.6728644194   0.6723506173   0.6720782651   0.6715363825   0.6713287154   0.6707373435   0.6706166084   0.6699446701
   0.8178762237   0.8171193544   0.8161894661   0.8152321945   0.8142383634   0.8133121142   0.8123804901   0.8115495321   0.8106997001   0.8099662761   0.8091824743   0.8085333439   0.8077925237   0.8072158952   0.8064960925   0.8059864384   0.8052675857   0.8048264944   0.8040887852   0.8037250505   0.8029466693   0.8026766269   0.8018314452   0.8016796152   0.8007351976
   0.9220074627   0.9219864040   0.9216880283   0.9212716933   0.9207125709   0.9201409852   0.9194692435   0.9188419114   0.9181182496   0.9174820163   0.9167321496   0.9161131596   0.9153464964   0.9147623220   0.9139788566   0.9134439361   0.9126369894   0.9121657686   0.9113230320   0.9109322067   0.9100358728   0.9097462247   0.9087724798   0.9086105746   0.9075285387
   1.0220074627   1.0219864040   1.0216880283   1.0212716933   1.0207125709   1.0201409852   1.0194692435   1.0188419114   1.0181182496   1.0174820163   1.0167321496   1.0161131596   1.0153464964   1.0147623220   1.0139788566   1.0134439361   1.0126369894   1.0121657686   1.0113230320   1.0109322067   1.0100358728   1.0097462247   1.0087724798   1.0086105746   1.0075285387
   1.1178762237   1.1171193544   1.1161894661   1.1152321945   1.1142383634   1.1133121142   1.1123804901   1.1115495321   1.1106997001   1.1099662761   1.1091824743   1.1085333439   1.1077925237   1.1072158952   1.1064960925   1.1059864384   1.1052675857   1.1048264944   1.1040887852   1.1037250505   1.1029466693   1.1026766269   1.1018314452   1.1016796152   1.1007351976
   1.1903789421   1.1865404359   1.1838816687   1.1819854072   1.1805445105   1.1794422608   1.1785217633   1.1777800909   1.1770982850   1.1765336329   1.1759630692   1.1754925145   1.1749716591   1.1745589481   1.1740567795   1.1736890233   1.1731878802   1.1728644194   1.1723506173   1.1720782651   1.1715363825   1.1713287154   1.1707373435   1.1706166084   1.1699446701
   1.1919878312   1.1847700786   1.1818375689   1.1810281800   1.1811484304   1.1816127184   1.1821052155   1.1825302656   1.1828154644   1.1829999308   1.1830543871   1.1830524351   1.1829509564   1.1828396373   1.1826453566   1.1824798832   1.1822309123   1.1820466373   1.1817622610   1.1815834687   1.1812699287   1.1811174952   1.1807690655   1.1806691164   1.1802609332
   1.0167972181   1.0449410166   1.0602046504   1.0685323743   1.0731215130   1.0756901778   1.0771521383   1.0780027162   1.0785018831   1.0787997856   1.0789703769   1.0790674917   1.0791094273   1.0791236180   1.0791082972   1.0790852692   1.0790419283   1.0790022496   1.0789440189   1.0788983647   1.0788310204   1.0787862520   1.0787108183   1.0786746069   1.0785829190
