   0.1884443381   0.1719563313   0.1634955040   0.1579453256   0.1538382032   0.1505956580   0.1479212656   0.1456476529   0.1436607837   0.1418953060   0.1402906494   0.1388246068   0.1374521030   0.1361797346   0.1349575642   0.1338235142   0.1327022547   0.1316798496   0.1306237235   0.1297070955   0.1286799198   0.1278871024   0.1268320690   0.1262311617   0.1250022969
   0.4877688858   0.4587665027   0.4386828055   0.4239991548   0.4126704626   0.4035434614   0.3959182101   0.3893785460   0.3836210159   0.3784801885   0.3737818127   0.3694802699   0.3654322847   0.3616829115   0.3580577516   0.3547115189   0.3513672537   0.3483571189   0.3451843089   0.3425075757   0.3393853224   0.3371207760   0.3338471173   0.3322510334   0.3283210668
   0.6845279142   0.6666006385   0.6500566665   0.6354839328   0.6227647455   0.6116224558   0.6017312550   0.5928644545   0.5847729611   0.5773568531   0.5704133492   0.5639608896   0.5577769487   0.5520159384   0.5463512432   0.5411422602   0.5358272063   0.5311245699   0.5260029560   0.5218519470   0.5167199657   0.5132993684   0.5078022037   0.5055591405   0.4989542037
   0.8162041951   0.8092412152   0.8010211613   0.7922112010   0.7832134333   0.7742944476   0.7655389384   0.7570528448   0.7487848862   0.7408317377   0.7330550587   0.7256238713   0.7182818020   0.7113540998   0.7043715003   0.6979541852   0.6912330500   0.6853801175   0.6787731966   0.6736205659   0.6668794728   0.6627129929   0.6553906300   0.6527761558   0.6440518495
   0.9220422876   0.9199913456   0.9166315581   0.9120956272   0.9065580214   0.9002735974   0.8934000076   0.8861777187   0.8786604330   0.8710817633   0.8633613540   0.8557913107   0.8481085218   0.8407730975   0.8332285892   0.8262869317   0.8188741324   0.8124803244   0.8050860655   0.7994530039   0.7918223090   0.7873050044   0.7789618305   0.7761779059   0.7662925320
   1.0220422876   1.0199913456   1.0166315581   1.0120956272   1.0065580214   1.0002735974   0.9934000076   0.9861777187   0.9786604330   0.9710817633   0.9633613540   0.9557913107   0.9481085218   0.9407730975   0.9332285892   0.9262869317   0.9188741324   0.9124803244   0.9050860655   0.8994530039   0.8918223090   0.8873050044   0.8789618305   0.8761779059   0.8662925320
   1.1162041951   1.1092412152   1.1010211613   1.0922112010   1.0832134333   1.0742944476   1.0655389384   1.0570528448   1.0487848862   1.0408317377   1.0330550587   1.0256238713   1.0182818020   1.0113540998   1.0043715003   0.9979541852   0.9912330500   0.9853801175   0.9787731966   0.9736205659   0.9668794728   0.9627129929   0.9553906300   0.9527761558   0.9440518495
   1.1845279142   1.1666006385   1.1500566665   1.1354839328   1.1227647455   1.1116224558   1.1017312550   1.0928644545   1.0847729611   1.0773568531   1.0704133492   1.0639608896   1.0577769487   1.0520159384   1.0463512432   1.0411422602   1.0358272063   1.0311245699   1.0260029560   1.0218519470   1.0167199657   1.0132993684   1.0078022037   1.0055591405   0.9989542037
   1.1877688858   1.1587665027   1.1386828055   1.1239991548   1.1126704626   1.1035434614   1.0959182101   1.0893785460   1.0836210159   1.0784801885   1.0737818127   1.0694802699   1.0654322847   1.0616829115   1.0580577516   1.0547115189   1.0513672537   1.0483571189   1.0451843089   1.0425075757   1.0393853224   1.0371207760   1.0338471173   1.0322510334   1.0283210668
   1.0884443381   1.0719563313   1.0634955040   1.0579453256   1.0538382032   1.0505956580   1.0479212656   1.0456476529   1.0436607837   1.0418953060   1.0402906494   1.0388246068   1.0374521030   1.0361797346   1.0349575642   1.0338235142   1.0327022547   1.0316798496   1.0306237235   1.0297070955   1.0286799198   1.0278871024   1.0268320690   1.0262311617   1.0250022969
