  -0.0070912352   3.3506138920   5.1227029421   5.0247230929   2.5802897401  -2.1907647521  -8.8276656737 -16.5637214968 -24.4612395196 -48.0138664079
   1.0192457484   0.5968732918  -0.0699039991  -1.1478870573  -1.6206134856  -0.3884559499   3.2835597196   9.4108554250  17.1251152806  15.1302737637
   3.9641214836   0.0160063016  -1.7602231786  -2.9121699215  -2.3977025748   0.1435330916   4.4275041041   9.8837398599  15.9206594444  24.4275799638
   7.3946206610  -0.9702641494  -3.8265124311  -4.0826242083  -1.2977510143   2.8190335720   5.6706849192   5.7266307057   3.6711943832  17.7608412668
  10.7673821203  -2.0097195389  -6.2730126726  -5.4877203184   0.2288598172   6.6844272051   8.4035636956   2.6298000832  -8.3985341402   6.9355142017
  13.5521954405  -2.5223615108  -8.7428577731  -7.8824808585   0.1581668726   9.5584947120  12.5367940793   5.1164089943  -9.5875195043   4.8660639356
  15.1954963204  -1.9136219103 -10.3167318540 -11.0335277958  -2.7186144151   8.9731113088  15.5650167466  12.2677270808   1.7812160628  14.3850459816
  15.0707621824   0.0642031786  -9.7844546769 -13.4696224532  -7.8333001335   3.5931502887  13.7886518472  17.9932209407  17.2487269696  26.3676037257
  12.4958070059   2.9914538584  -6.2872537940 -13.0823922377 -12.8401409470  -5.6153557162   5.0968545941  15.7441039319  25.0902151218  28.1715801061
   4.5912119474   6.1024097539   3.8911412979  -1.6835629006  -8.0106921140 -12.8965911619 -15.3527622493 -15.5222477020 -14.3689238177 -31.5332418943
