   0.1883810490   0.1719661025   0.1639793491   0.1574311943   0.1483928713   0.1357470498   0.1211165545   0.1072061790   0.0960469357   0.0883029611   0.0835620972   0.0809624114   0.0796701862   0.0790823456   0.0788357004   0.0787396299   0.0787047010   0.0786927918   0.0786889686   0.0786878089   0.0786874754   0.0786873843   0.0786873606   0.0786873547   0.0786873533
   0.4878147188   0.4580743753   0.4391844587   0.4268398070   0.4118185493   0.3859548638   0.3486396851   0.3063958346   0.2674903892   0.2372622166   0.2169015818   0.2047718883   0.1982834251   0.1951302568   0.1937251583   0.1931466518   0.1929252011   0.1928459675   0.1928193501   0.1928109219   0.1928083978   0.1928076807   0.1928074869   0.1928074370   0.1928074243
   0.6851184485   0.6660934067   0.6472366981   0.6362354424   0.6306591492   0.6157993326   0.5790930786   0.5216717297   0.4560589942   0.3963053247   0.3506895646   0.3205531384   0.3029432375   0.2936969850   0.2892821706   0.2873472155   0.2865628390   0.2862669164   0.2861624684   0.2861278250   0.2861169855   0.2861137755   0.2861128731   0.2861126321   0.2861125679
   0.8168131976   0.8108111730   0.7966995030   0.7858735124   0.7889352114   0.7941591154   0.7772446653   0.7256908060   0.6481781996   0.5648803963   0.4933501029   0.4415565810   0.4089152455   0.3906298479   0.3813867951   0.3771227831   0.3753116077   0.3745981954   0.3743360679   0.3742457817   0.3742165069   0.3742075387   0.3742049345   0.3742042173   0.3742040197
   0.9222893041   0.9232029747   0.9130962291   0.9013009360   0.9065962986   0.9236403243   0.9235891420   0.8835940769   0.8060138121   0.7122813530   0.6255814933   0.5592760482   0.5156208220   0.4902470695   0.4770012632   0.4707119765   0.4679693753   0.4668624836   0.4664464248   0.4663000113   0.4662515599   0.4662364250   0.4662319470   0.4662306918   0.4662303389
   1.0222893041   1.0232029747   1.0130962291   1.0013009360   1.0065962986   1.0236403243   1.0235891420   0.9835940769   0.9060138121   0.8122813530   0.7255814933   0.6592760482   0.6156208220   0.5902470695   0.5770012632   0.5707119765   0.5679693753   0.5668624836   0.5664464248   0.5663000113   0.5662515599   0.5662364250   0.5662319470   0.5662306918   0.5662303389
   1.1168131976   1.1108111730   1.0966995030   1.0858735124   1.0889352114   1.0941591154   1.0772446653   1.0256908060   0.9481781996   0.8648803963   0.7933501029   0.7415565810   0.7089152455   0.6906298479   0.6813867951   0.6771227831   0.6753116077   0.6745981954   0.6743360679   0.6742457817   0.6742165069   0.6742075387   0.6742049345   0.6742042173   0.6742040197
   1.1851184485   1.1660934067   1.1472366981   1.1362354424   1.1306591492   1.1157993326   1.0790930786   1.0216717297   0.9560589942   0.8963053247   0.8506895646   0.8205531384   0.8029432375   0.7936969850   0.7892821706   0.7873472155   0.7865628390   0.7862669164   0.7861624684   0.7861278250   0.7861169855   0.7861137755   0.7861128731   0.7861126321   0.7861125679
   1.1878147188   1.1580743753   1.1391844587   1.1268398070   1.1118185493   1.0859548638   1.0486396851   1.0063958346   0.9674903892   0.9372622166   0.9169015818   0.9047718883   0.8982834251   0.8951302568   0.8937251583   0.8931466518   0.8929252011   0.8928459675   0.8928193501   0.8928109219   0.8928083978   0.8928076807   0.8928074869   0.8928074370   0.8928074243
   1.0883810490   1.0719661025   1.0639793491   1.0574311943   1.0483928713   1.0357470498   1.0211165545   1.0072061790   0.9960469357   0.9883029611   0.9835620972   0.9809624114   0.9796701862   0.9790823456   0.9788357004   0.9787396299   0.9787047010   0.9786927918   0.9786889686   0.9786878089   0.9786874754   0.9786873843   0.9786873606   0.9786873547   0.9786873533
