   0.1884441195   0.1719568438   0.1634949129   0.1579462623   0.1538370651   0.1505970998   0.1479196897   0.1456492866   0.1436592025   0.1418966310   0.1402896784   0.1388253012   0.1374514336   0.1361803249   0.1349568460   0.1338245501   0.1327012773   0.1316801484   0.1306235657   0.1297072381   0.1286802858   0.1278872957   0.1268306639   0.1262311885   0.1250028323
   0.4877679136   0.4587685389   0.4386805169   0.4240026317   0.4126664814   0.4035482181   0.3959134178   0.3893832443   0.3836169112   0.3784831385   0.3737798793   0.3694818868   0.3654304789   0.3616846954   0.3580550497   0.3547147975   0.3513655883   0.3483567932   0.3451840839   0.3425071957   0.3393862398   0.3371238692   0.3338435165   0.3322481604   0.3283218056
   0.6845255969   0.6666050707   0.6500518737   0.6354908674   0.6227574493   0.6116305402   0.6017239128   0.5928710853   0.5847682084   0.5773594357   0.5704115659   0.5639632750   0.5577740298   0.5520194533   0.5463457847   0.5411462616   0.5358280682   0.5311226363   0.5260027466   0.5218502076   0.5167182664   0.5133082424   0.5078022813   0.5055504648   0.4989515894
   0.8162002335   0.8092483465   0.8010137274   0.7922215093   0.7832034535   0.7743048268   0.7655304155   0.7570598060   0.7487812252   0.7408330172   0.7330533238   0.7256272864   0.7182776678   0.7113597680   0.7043641279   0.6979559826   0.6912379760   0.6853775819   0.6787729674   0.6736185738   0.6668717437   0.6627246686   0.6554003476   0.6527650433   0.6440440845
   0.9220371639   0.9200002879   0.9166224449   0.9121079500   0.9065466993   0.9002849643   0.8933912930   0.8861842812   0.8786579687   0.8710822054   0.8633593535   0.8557955309   0.8481035199   0.8407801954   0.8332208033   0.8262860938   0.8188815915   0.8124781141   0.8050857763   0.7994518250   0.7918099638   0.7873158248   0.7789790608   0.7761678905   0.7662816456
   1.0220371639   1.0200002879   1.0166224449   1.0121079500   1.0065466993   1.0002849643   0.9933912930   0.9861842812   0.9786579687   0.9710822054   0.9633593535   0.9557955309   0.9481035199   0.9407801954   0.9332208033   0.9262860938   0.9188815915   0.9124781141   0.9050857763   0.8994518250   0.8918099638   0.8873158248   0.8789790608   0.8761678905   0.8662816456
   1.1162002335   1.1092483465   1.1010137274   1.0922215093   1.0832034535   1.0743048268   1.0655304155   1.0570598060   1.0487812252   1.0408330172   1.0330533238   1.0256272864   1.0182776678   1.0113597680   1.0043641279   0.9979559826   0.9912379760   0.9853775819   0.9787729674   0.9736185738   0.9668717437   0.9627246686   0.9554003476   0.9527650433   0.9440440845
   1.1845255969   1.1666050707   1.1500518737   1.1354908674   1.1227574493   1.1116305402   1.1017239128   1.0928710853   1.0847682084   1.0773594357   1.0704115659   1.0639632750   1.0577740298   1.0520194533   1.0463457847   1.0411462616   1.0358280682   1.0311226363   1.0260027466   1.0218502076   1.0167182664   1.0133082424   1.0078022813   1.0055504648   0.9989515894
   1.1877679136   1.1587685389   1.1386805169   1.1240026317   1.1126664814   1.1035482181   1.0959134178   1.0893832443   1.0836169112   1.0784831385   1.0737798793   1.0694818868   1.0654304789   1.0616846954   1.0580550497   1.0547147975   1.0513655883   1.0483567932   1.0451840839   1.0425071957   1.0393862398   1.0371238692   1.0338435165   1.0322481604   1.0283218056
   1.0884441195   1.0719568438   1.0634949129   1.0579462623   1.0538370651   1.0505970998   1.0479196897   1.0456492866   1.0436592025   1.0418966310   1.0402896784   1.0388253012   1.0374514336   1.0361803249   1.0349568460   1.0338245501   1.0327012773   1.0316801484   1.0306235657   1.0297072381   1.0286802858   1.0278872957   1.0268306639   1.0262311885   1.0250028323
