   0.0837409819   0.0869594383   0.0900703399   0.0930725834   0.0959753532   0.0987741411   0.1014820676   0.1040891415   0.1066151057   0.1090410664   0.1113977996   0.1136518637   0.1158523587   0.1179418984   0.1200001258   0.1219297490   0.1238620904   0.1256315184   0.1274603219   0.1290583187   0.1308230777   0.1322062121   0.1340055016   0.1350137265   0.1371779629
   0.2644220814   0.2686644368   0.2728051389   0.2768275855   0.2807603297   0.2845731513   0.2883116406   0.2919234200   0.2954820381   0.2988990325   0.3022937289   0.3055188103   0.3087685464   0.3117994033   0.3149285696   0.3177546047   0.3207972181   0.3233939311   0.3264015236   0.3287191761   0.3317780605   0.3337140256   0.3369924787   0.3383063193   0.3422149186
   0.4259756991   0.4298628024   0.4336638604   0.4373569336   0.4409765501   0.4444840884   0.4479348757   0.4512636374   0.4545590956   0.4577134454   0.4608688694   0.4638496935   0.4668836263   0.4696865373   0.4726231474   0.4752354639   0.4781085693   0.4805040089   0.4833643962   0.4854927646   0.4884235598   0.4901866530   0.4933436711   0.4945237337   0.4982691615
   0.5663596405   0.5696954765   0.5729481034   0.5761135865   0.5792049157   0.5822080461   0.5851490617   0.5879963765   0.5907987312   0.5934947505   0.5961715403   0.5987178402   0.6012848553   0.6036785217   0.6061563039   0.6083873149   0.6108046533   0.6128512682   0.6152515623   0.6170713693   0.6195259504   0.6210350350   0.6236779701   0.6246893155   0.6278324238
   0.6861210284   0.6891121447   0.6920165116   0.6948506026   0.6976035660   0.7002886306   0.7029000837   0.7054428704   0.7079231778   0.7103287051   0.7126893848   0.7149601246   0.7172149622   0.7193494569   0.7215163581   0.7235068569   0.7256110213   0.7274392812   0.7295190146   0.7311481080   0.7332670346   0.7346222343   0.7369012563   0.7378134390   0.7405364847
   0.7861210284   0.7891121447   0.7920165116   0.7948506026   0.7976035660   0.8002886306   0.8029000837   0.8054428704   0.8079231778   0.8103287051   0.8126893848   0.8149601246   0.8172149622   0.8193494569   0.8215163581   0.8235068569   0.8256110213   0.8274392812   0.8295190146   0.8311481080   0.8332670346   0.8346222343   0.8369012563   0.8378134390   0.8405364847
   0.8663596405   0.8696954765   0.8729481034   0.8761135865   0.8792049157   0.8822080461   0.8851490617   0.8879963765   0.8907987312   0.8934947505   0.8961715403   0.8987178402   0.9012848553   0.9036785217   0.9061563039   0.9083873149   0.9108046533   0.9128512682   0.9152515623   0.9170713693   0.9195259504   0.9210350350   0.9236779701   0.9246893155   0.9278324238
   0.9259756991   0.9298628024   0.9336638604   0.9373569336   0.9409765501   0.9444840884   0.9479348757   0.9512636374   0.9545590956   0.9577134454   0.9608688694   0.9638496935   0.9668836263   0.9696865373   0.9726231474   0.9752354639   0.9781085693   0.9805040089   0.9833643962   0.9854927646   0.9884235598   0.9901866530   0.9933436711   0.9945237337   0.9982691615
   0.9644220814   0.9686644368   0.9728051389   0.9768275855   0.9807603297   0.9845731513   0.9883116406   0.9919234200   0.9954820381   0.9988990325   1.0022937289   1.0055188103   1.0087685464   1.0117994033   1.0149285696   1.0177546047   1.0207972181   1.0233939311   1.0264015236   1.0287191761   1.0317780605   1.0337140256   1.0369924787   1.0383063193   1.0422149186
   0.9837409819   0.9869594383   0.9900703399   0.9930725834   0.9959753532   0.9987741411   1.0014820676   1.0040891415   1.0066151057   1.0090410664   1.0113977996   1.0136518637   1.0158523587   1.0179418984   1.0200001258   1.0219297490   1.0238620904   1.0256315184   1.0274603219   1.0290583187   1.0308230777   1.0322062121   1.0340055016   1.0350137265   1.0371779629
