   0.1532418891   0.1382415053   0.1097090798   0.0704375651   0.0242711308  -0.0242711309  -0.0704375652  -0.1097090798  -0.1382415053  -0.1532418891
   0.4447252835   0.4011924741   0.3183881501   0.2044177757   0.0704375650  -0.0704375652  -0.2044177758  -0.3183881503  -0.4011924742  -0.4447252835
   0.6926758685   0.6248719283   0.4959011701   0.3183881501   0.1097090796  -0.1097090799  -0.3183881503  -0.4959011703  -0.6248719285  -0.6926758686
   0.8728225134   0.7873845644   0.6248719283   0.4011924740   0.1382415051  -0.1382415055  -0.4011924743  -0.6248719285  -0.7873845646  -0.8728225134
   0.9675312093   0.8728225133   0.6926758684   0.4447252833   0.1532418889  -0.1532418893  -0.4447252837  -0.6926758687  -0.8728225135  -0.9675312094
   0.9675312092   0.8728225133   0.6926758684   0.4447252833   0.1532418889  -0.1532418893  -0.4447252836  -0.6926758686  -0.8728225134  -0.9675312093
   0.8728225132   0.7873845643   0.6248719281   0.4011924739   0.1382415051  -0.1382415055  -0.4011924743  -0.6248719284  -0.7873845644  -0.8728225133
   0.6926758682   0.6248719281   0.4959011699   0.3183881500   0.1097090796  -0.1097090799  -0.3183881502  -0.4959011701  -0.6248719282  -0.6926758683
   0.4447252831   0.4011924738   0.3183881499   0.2044177755   0.0704375650  -0.0704375652  -0.2044177757  -0.3183881500  -0.4011924739  -0.4447252832
   0.1532418887   0.1382415049   0.1097090795   0.0704375649   0.0242711307  -0.0242711308  -0.0704375650  -0.1097090795  -0.1382415050  -0.1532418887
