   0.0780565370   0.0761345260   0.0723378303   0.0667599371   0.0595381928   0.0508504205   0.0409105421   0.0299633104   0.0182782825   0.0061431827  -0.0061431827  -0.0182782825  -0.0299633104  -0.0409105421  -0.0508504205  -0.0595381928  -0.0667599372  -0.0723378303  -0.0761345260  -0.0780565370
   0.2322476000   0.2265288933   0.2152322935   0.1986359602   0.1771485504   0.1512991554   0.1217242730   0.0891521350   0.0543847756   0.0182782825  -0.0182782826  -0.0543847757  -0.0891521351  -0.1217242730  -0.1512991554  -0.1771485505  -0.1986359603  -0.2152322935  -0.2265288934  -0.2322476000
   0.3807199564   0.3713453675   0.3528270232   0.3256209067   0.2903969228   0.2480224029   0.1995407482   0.1461457382   0.0891521350   0.0299633103  -0.0299633105  -0.0891521351  -0.1461457383  -0.1995407484  -0.2480224030  -0.2903969229  -0.3256209068  -0.3528270233  -0.3713453675  -0.3807199564
   0.5198177238   0.5070180863   0.4817339807   0.4445879858   0.3964947592   0.3386385157   0.2724438681   0.1995407482   0.1217242729   0.0409105420  -0.0409105422  -0.1217242731  -0.1995407484  -0.2724438683  -0.3386385159  -0.3964947593  -0.4445879859  -0.4817339808  -0.5070180863  -0.5198177238
   0.6461158537   0.6302063371   0.5987790489   0.5526078332   0.4928295787   0.4209162244   0.3386385157   0.2480224028   0.1512991553   0.0508504204  -0.0508504206  -0.1512991555  -0.2480224031  -0.3386385159  -0.4209162246  -0.4928295789  -0.5526078334  -0.5987790490  -0.6302063371  -0.6461158538
   0.7565044670   0.7378768163   0.7010801895   0.6470206417   0.5770292984   0.4928295787   0.3964947591   0.2903969227   0.1771485503   0.0595381926  -0.0595381929  -0.1771485506  -0.2903969230  -0.3964947594  -0.4928295789  -0.5770292986  -0.6470206419  -0.7010801897  -0.7378768164  -0.7565044670
   0.8482654296   0.8273783195   0.7861184092   0.7255016547   0.6470206417   0.5526078332   0.4445879857   0.3256209066   0.1986359601   0.0667599370  -0.0667599373  -0.1986359604  -0.3256209069  -0.4445879860  -0.5526078334  -0.6470206419  -0.7255016549  -0.7861184093  -0.8273783195  -0.8482654296
   0.9191392820   0.8965070225   0.8517997847   0.7861184092   0.7010801895   0.5987790488   0.4817339806   0.3528270231   0.2152322933   0.0723378301  -0.0723378305  -0.2152322937  -0.3528270235  -0.4817339810  -0.5987790490  -0.7010801897  -0.7861184094  -0.8517997848  -0.8965070226  -0.9191392821
   0.9673808749   0.9435607472   0.8965070224   0.8273783194   0.7378768162   0.6302063370   0.5070180861   0.3713453673   0.2265288931   0.0761345258  -0.0761345262  -0.2265288935  -0.3713453677  -0.5070180865  -0.6302063373  -0.7378768165  -0.8273783196  -0.8965070226  -0.9435607473  -0.9673808750
   0.9918023401   0.9673808749   0.9191392820   0.8482654295   0.7565044669   0.6461158536   0.5198177236   0.3807199562   0.2322475998   0.0780565368  -0.0780565372  -0.2322476002  -0.3807199565  -0.5198177240  -0.6461158539  -0.7565044671  -0.8482654297  -0.9191392821  -0.9673808750  -0.9918023402
   0.9918023401   0.9673808749   0.9191392819   0.8482654295   0.7565044668   0.6461158536   0.5198177236   0.3807199562   0.2322475998   0.0780565368  -0.0780565372  -0.2322476002  -0.3807199565  -0.5198177240  -0.6461158539  -0.7565044671  -0.8482654297  -0.9191392821  -0.9673808750  -0.9918023401
   0.9673808748   0.9435607471   0.8965070223   0.8273783193   0.7378768161   0.6302063369   0.5070180861   0.3713453673   0.2265288931   0.0761345258  -0.0761345262  -0.2265288935  -0.3713453677  -0.5070180864  -0.6302063372  -0.7378768164  -0.8273783195  -0.8965070225  -0.9435607472  -0.9673808749
   0.9191392819   0.8965070223   0.8517997845   0.7861184090   0.7010801894   0.5987790487   0.4817339805   0.3528270230   0.2152322933   0.0723378301  -0.0723378305  -0.2152322936  -0.3528270234  -0.4817339809  -0.5987790489  -0.7010801896  -0.7861184092  -0.8517997847  -0.8965070224  -0.9191392819
   0.8482654294   0.8273783193   0.7861184090   0.7255016546   0.6470206416   0.5526078330   0.4445879856   0.3256209065   0.1986359600   0.0667599370  -0.0667599373  -0.1986359604  -0.3256209069  -0.4445879859  -0.5526078333  -0.6470206418  -0.7255016547  -0.7861184091  -0.8273783193  -0.8482654294
   0.7565044667   0.7378768161   0.7010801893   0.6470206415   0.5770292982   0.4928295785   0.3964947590   0.2903969226   0.1771485502   0.0595381926  -0.0595381929  -0.1771485505  -0.2903969229  -0.3964947593  -0.4928295788  -0.5770292984  -0.6470206417  -0.7010801894  -0.7378768161  -0.7565044667
   0.6461158534   0.6302063368   0.5987790486   0.5526078330   0.4928295785   0.4209162242   0.3386385155   0.2480224027   0.1512991552   0.0508504203  -0.0508504206  -0.1512991554  -0.2480224029  -0.3386385157  -0.4209162244  -0.4928295787  -0.5526078331  -0.5987790487  -0.6302063368  -0.6461158534
   0.5198177235   0.5070180859   0.4817339804   0.4445879855   0.3964947589   0.3386385155   0.2724438679   0.1995407481   0.1217242728   0.0409105420  -0.0409105422  -0.1217242730  -0.1995407483  -0.2724438681  -0.3386385156  -0.3964947591  -0.4445879856  -0.4817339805  -0.5070180860  -0.5198177235
   0.3807199560   0.3713453671   0.3528270229   0.3256209064   0.2903969225   0.2480224026   0.1995407480   0.1461457380   0.0891521349   0.0299633103  -0.0299633104  -0.0891521350  -0.1461457382  -0.1995407482  -0.2480224028  -0.2903969226  -0.3256209065  -0.3528270230  -0.3713453672  -0.3807199560
   0.2322475996   0.2265288929   0.2152322931   0.1986359599   0.1771485501   0.1512991551   0.1217242728   0.0891521348   0.0543847755   0.0182782825  -0.0182782825  -0.0543847756  -0.0891521349  -0.1217242728  -0.1512991552  -0.1771485502  -0.1986359599  -0.2152322931  -0.2265288930  -0.2322475996
   0.0780565366   0.0761345256   0.0723378299   0.0667599368   0.0595381925   0.0508504202   0.0409105419   0.0299633102   0.0182782824   0.0061431826  -0.0061431827  -0.0182782825  -0.0299633102  -0.0409105419  -0.0508504202  -0.0595381925  -0.0667599368  -0.0723378299  -0.0761345256  -0.0780565366
