   0.3510741018   0.3167085227   0.2513413067   0.1613710523   0.0556046751  -0.0556046752  -0.1613710525  -0.2513413068  -0.3167085228  -0.3510741019
   0.4064294929   0.3666453424   0.2909713912   0.1868151328   0.0643721077  -0.0643721079  -0.1868151330  -0.2909713913  -0.3666453425  -0.4064294930
   0.4741939805   0.4277765698   0.3394854079   0.2179630490   0.0751049481  -0.0751049483  -0.2179630491  -0.3394854081  -0.4277765699  -0.4741939807
   0.5388355936   0.4860906114   0.3857636934   0.2476755372   0.0853431738  -0.0853431741  -0.2476755374  -0.3857636936  -0.4860906116  -0.5388355938
   0.5792914148   0.5225863349   0.4147268635   0.2662710371   0.0917507464  -0.0917507467  -0.2662710374  -0.4147268637  -0.5225863351  -0.5792914149
   0.5859594894   0.5286016920   0.4195006779   0.2693360146   0.0928068657  -0.0928068659  -0.2693360149  -0.4195006781  -0.5286016921  -0.5859594896
   0.5668202786   0.5113359604   0.4057985158   0.2605386850   0.0897755125  -0.0897755127  -0.2605386852  -0.4057985160  -0.5113359606  -0.5668202787
   0.5544652962   0.5001903698   0.3969533250   0.2548597229   0.0878186755  -0.0878186757  -0.2548597232  -0.3969533252  -0.5001903700  -0.5544652963
   0.6181279878   0.5576213136   0.4425307800   0.2841222504   0.0979018553  -0.0979018555  -0.2841222506  -0.4425307802  -0.5576213138  -0.6181279880
   0.8845527282   0.7979665441   0.6332698349   0.4065842619   0.1400993886  -0.1400993890  -0.4065842623  -0.6332698352  -0.7979665444  -0.8845527284
