   0.0512959299   0.0512832594   0.0512873081   0.0513070733   0.0512695794   0.0512649028   0.0512843219   0.0514170311   0.0515897355   0.0518560575   0.0521048202   0.0524008292   0.0526265559   0.0528770966   0.0530303792   0.0532108791   0.0532841747   0.0534000176   0.0534053004   0.0534722825   0.0534266554   0.0534606350   0.0533803270   0.0533931898   0.0532920712
   0.1534083863   0.1532925960   0.1533192265   0.1533875738   0.1532265444   0.1532263973   0.1533449378   0.1539275394   0.1546592813   0.1557529262   0.1567551809   0.1579360281   0.1588209605   0.1598042559   0.1603904838   0.1610916383   0.1613587417   0.1618057747   0.1618050880   0.1620629185   0.1618629640   0.1619946877   0.1616592757   0.1617114528   0.1612951721
   0.2541459664   0.2541269752   0.2543022418   0.2543010868   0.2539598330   0.2541525244   0.2547506700   0.2562023734   0.2578293225   0.2599439563   0.2617505745   0.2637509081   0.2651518577   0.2666817244   0.2674978176   0.2685212621   0.2687950156   0.2694114215   0.2692585001   0.2695936915   0.2691330672   0.2692940525   0.2686265476   0.2686876866   0.2678967417
   0.3537720566   0.3545427918   0.3548945487   0.3543199883   0.3539650485   0.3552788690   0.3575835123   0.3609358880   0.3641019374   0.3674365247   0.3699210553   0.3723635757   0.3737971961   0.3753213241   0.3758431865   0.3766816398   0.3765310221   0.3769276811   0.3763107756   0.3764560975   0.3755239465   0.3755508257   0.3744096879   0.3744021866   0.3731307542
   0.4518784487   0.4561068032   0.4550423558   0.4530184975   0.4548650528   0.4604953734   0.4669397329   0.4732559022   0.4779299485   0.4816987947   0.4837733295   0.4854297139   0.4857685610   0.4862283244   0.4856003682   0.4854869052   0.4843415720   0.4840049184   0.4825745104   0.4822045442   0.4806028319   0.4803050812   0.4785853126   0.4784201495   0.4766067620
   0.5477873207   0.5619062587   0.5511812660   0.5513564320   0.5653525379   0.5813561229   0.5928575462   0.5998792621   0.6027309072   0.6035781919   0.6024624019   0.6011023242   0.5987515817   0.5969243135   0.5943571969   0.5926625055   0.5901813221   0.5887937821   0.5864467473   0.5854025764   0.5831547015   0.5824546432   0.5802458407   0.5798903371   0.5776534477
   0.6432164073   0.6727831508   0.6332865332   0.6677015676   0.7147424274   0.7380585721   0.7429456194   0.7394249754   0.7323711595   0.7251405498   0.7179184997   0.7119580260   0.7062685788   0.7019082205   0.6975294250   0.6944112455   0.6909410907   0.6887340053   0.6858536657   0.6843337630   0.6818104254   0.6808437338   0.6785002133   0.6780216148   0.6757087594
   0.7449179068   0.7735143565   0.7070652632   0.8807807477   0.9486198625   0.9287540076   0.8946951173   0.8662348420   0.8447512421   0.8292366547   0.8173905570   0.8086877053   0.8015413006   0.7962506929   0.7915083166   0.7880967009   0.7846809004   0.7824125170   0.7797631348   0.7782595577   0.7760503857   0.7751133151   0.7731279941   0.7726656815   0.7707332884
   0.8542009553   0.8390575207   0.8791961069   1.3340142428   1.2315902236   1.0661945238   0.9841797956   0.9431204108   0.9199784289   0.9057306832   0.8959804303   0.8892055385   0.8839527885   0.8801347181   0.8768566568   0.8744945348   0.8722264689   0.8706936865   0.8689857068   0.8679832149   0.8665909272   0.8659682853   0.8647370798   0.8644262953   0.8632349405
   0.9535725162   0.9186848824   1.3700084044   2.0374991744   1.3359266568   1.0345972294   0.9890327724   0.9754221648   0.9688194851   0.9649248012   0.9623148160   0.9605187674   0.9591413239   0.9581424500   0.9572928366   0.9566791040   0.9560961002   0.9556991176   0.9552630400   0.9550033742   0.9546500261   0.9544879209   0.9541771087   0.9540945549   0.9537947162
