   0.0918746339   0.0996125666   0.1066498315   0.1130474378   0.1188608984   0.1241420520   0.1289372879   0.1332907848   0.1372409610   0.1408256400   0.1440763027   0.1470254309   0.1496986849   0.1521236626   0.1543218827   0.1563152363   0.1581245910   0.1597619334   0.1612565731   0.1625959684   0.1638463914   0.1649176842   0.1660197778   0.1667675568   0.1679732115
   0.3661904578   0.3738153704   0.3808916720   0.3874684314   0.3935775504   0.3992615621   0.4045473469   0.4094698364   0.4140547376   0.4183258902   0.4223147344   0.4260260157   0.4295097660   0.4327352056   0.4357951557   0.4385911186   0.4413043240   0.4437067460   0.4461543249   0.4481710066   0.4504533438   0.4520444092   0.4543161407   0.4553374945   0.4579140445
   0.5875994317   0.5919632956   0.5959919949   0.5997327974   0.6031881155   0.6064048663   0.6093775651   0.6121529760   0.6147193772   0.6171221024   0.6193467106   0.6214330232   0.6233710918   0.6251858756   0.6268861931   0.6284629740   0.6299713542   0.6313307777   0.6326952094   0.6338405942   0.6351203314   0.6360264764   0.6373121371   0.6378937099   0.6393664287
   0.7601934212   0.7617355061   0.7630715317   0.7642803313   0.7653075957   0.7662495179   0.7670253142   0.7677556348   0.7683262021   0.7688910286   0.7692932004   0.7697311348   0.7699937717   0.7703372562   0.7704825811   0.7707588361   0.7708038873   0.7710351989   0.7709938468   0.7711965624   0.7710832160   0.7712635454   0.7711021468   0.7712417389   0.7710946420
   0.8932187744   0.8932538106   0.8931354252   0.8929779040   0.8926765228   0.8923783687   0.8919352433   0.8915398036   0.8909864781   0.8905304172   0.8898898598   0.8894048921   0.8886923163   0.8882068141   0.8874302323   0.8869707113   0.8861313025   0.8857237069   0.8848162070   0.8844866927   0.8835004050   0.8832745843   0.8821970547   0.8820936294   0.8809256129
   0.9932187744   0.9932538106   0.9931354252   0.9929779040   0.9926765228   0.9923783687   0.9919352433   0.9915398036   0.9909864781   0.9905304172   0.9898898598   0.9894048921   0.9886923163   0.9882068141   0.9874302323   0.9869707113   0.9861313025   0.9857237069   0.9848162070   0.9844866927   0.9835004050   0.9832745843   0.9821970547   0.9820936294   0.9809256129
   1.0601934212   1.0617355061   1.0630715317   1.0642803313   1.0653075957   1.0662495179   1.0670253142   1.0677556348   1.0683262021   1.0688910286   1.0692932004   1.0697311348   1.0699937717   1.0703372562   1.0704825811   1.0707588361   1.0708038873   1.0710351989   1.0709938468   1.0711965624   1.0710832160   1.0712635454   1.0711021468   1.0712417389   1.0710946420
   1.0875994317   1.0919632956   1.0959919949   1.0997327974   1.1031881155   1.1064048663   1.1093775651   1.1121529760   1.1147193772   1.1171221024   1.1193467106   1.1214330232   1.1233710918   1.1251858756   1.1268861931   1.1284629740   1.1299713542   1.1313307777   1.1326952094   1.1338405942   1.1351203314   1.1360264764   1.1373121371   1.1378937099   1.1393664287
   1.0661904578   1.0738153704   1.0808916720   1.0874684314   1.0935775504   1.0992615621   1.1045473469   1.1094698364   1.1140547376   1.1183258902   1.1223147344   1.1260260157   1.1295097660   1.1327352056   1.1357951557   1.1385911186   1.1413043240   1.1437067460   1.1461543249   1.1481710066   1.1504533438   1.1520444092   1.1543161407   1.1553374945   1.1579140445
   0.9918746339   0.9996125666   1.0066498315   1.0130474378   1.0188608984   1.0241420520   1.0289372879   1.0332907848   1.0372409610   1.0408256400   1.0440763027   1.0470254309   1.0496986849   1.0521236626   1.0543218827   1.0563152363   1.0581245910   1.0597619334   1.0612565731   1.0625959684   1.0638463914   1.0649176842   1.0660197778   1.0667675568   1.0679732115
