   0.3749824352   0.3657491232   0.3475098539   0.3207137386   0.2860205867   0.2442846588   0.1965336318   0.1439432945   0.0878085956   0.0295117576  -0.0295117578  -0.0878085957  -0.1439432946  -0.1965336319  -0.2442846589  -0.2860205869  -0.3207137387  -0.3475098540  -0.3657491233  -0.3749824353
   0.3855568438   0.3760631547   0.3573095426   0.3297577838   0.2940862939   0.2511734235   0.2020758298   0.1480024585   0.0902847754   0.0303439816  -0.0303439818  -0.0902847756  -0.1480024586  -0.2020758299  -0.2511734236  -0.2940862941  -0.3297577839  -0.3573095427  -0.3760631548  -0.3855568439
   0.4055799093   0.3955931859   0.3758656453   0.3468830452   0.3093590332   0.2642175751   0.2125702034   0.1556886479   0.0949735211   0.0319198310  -0.0319198312  -0.0949735213  -0.1556886480  -0.2125702036  -0.2642175752  -0.3093590333  -0.3468830453  -0.3758656454  -0.3955931860  -0.4055799094
   0.4329455928   0.4222850354   0.4012264190   0.3702882765   0.3302324078   0.2820451212   0.2269129477   0.1661934243   0.1013816672   0.0340735570  -0.0340735572  -0.1013816674  -0.1661934244  -0.2269129478  -0.2820451213  -0.3302324079  -0.3702882767  -0.4012264191  -0.4222850355  -0.4329455929
   0.4648302541   0.4533845906   0.4307750937   0.3975584844   0.3545526658   0.3028165838   0.2436241525   0.1784328861   0.1088480098   0.0365829343  -0.0365829345  -0.1088480100  -0.1784328863  -0.2436241527  -0.3028165839  -0.3545526659  -0.3975584845  -0.4307750939  -0.4533845907  -0.4648302543
   0.4980246346   0.4857616152   0.4615375327   0.4259488645   0.3798719215   0.3244412711   0.2610217998   0.1911751055   0.1166210457   0.0391953887  -0.0391953889  -0.1166210459  -0.1911751057  -0.2610218000  -0.3244412712  -0.3798719216  -0.4259488646  -0.4615375329  -0.4857616154  -0.4980246347
   0.5292812106   0.5162485507   0.4905041380   0.4526818856   0.4037131028   0.3448035635   0.2774038162   0.2031734663   0.1239403113   0.0416553346  -0.0416553348  -0.1239403115  -0.2031734665  -0.2774038164  -0.3448035637  -0.4037131030  -0.4526818858  -0.4905041382  -0.5162485508  -0.5292812108
   0.5556306222   0.5419491523   0.5149230956   0.4752179233   0.4238113086   0.3619690529   0.2912139179   0.2132881297   0.1301104799   0.0437290782  -0.0437290785  -0.1301104801  -0.2132881299  -0.2912139181  -0.3619690531  -0.4238113088  -0.4752179235  -0.5149230957  -0.5419491524  -0.5556306224
   0.5746374053   0.5604879253   0.5325373724   0.4914739819   0.4383088710   0.3743511410   0.3011756434   0.2205842020   0.1345612455   0.0452249445  -0.0452249447  -0.1345612457  -0.2205842023  -0.3011756437  -0.3743511412  -0.4383088712  -0.4914739821  -0.5325373725  -0.5604879254  -0.5746374055
   0.5845837114   0.5701893203   0.5417549758   0.4999808258   0.4458954885   0.3808307245   0.3063886441   0.2244022584   0.1368903444   0.0460077358  -0.0460077360  -0.1368903446  -0.2244022586  -0.3063886443  -0.3808307247  -0.4458954887  -0.4999808260  -0.5417549760  -0.5701893205  -0.5845837116
   0.5845837114   0.5701893203   0.5417549758   0.4999808258   0.4458954885   0.3808307244   0.3063886440   0.2244022584   0.1368903444   0.0460077358  -0.0460077360  -0.1368903446  -0.2244022586  -0.3063886443  -0.3808307247  -0.4458954887  -0.4999808260  -0.5417549760  -0.5701893205  -0.5845837116
   0.5746374053   0.5604879252   0.5325373723   0.4914739819   0.4383088709   0.3743511409   0.3011756434   0.2205842020   0.1345612455   0.0452249445  -0.0452249447  -0.1345612457  -0.2205842022  -0.3011756436  -0.3743511411  -0.4383088711  -0.4914739821  -0.5325373725  -0.5604879254  -0.5746374054
   0.5556306221   0.5419491522   0.5149230955   0.4752179232   0.4238113085   0.3619690529   0.2912139178   0.2132881296   0.1301104798   0.0437290782  -0.0437290784  -0.1301104801  -0.2132881299  -0.2912139180  -0.3619690531  -0.4238113087  -0.4752179234  -0.5149230956  -0.5419491523  -0.5556306223
   0.5292812105   0.5162485505   0.4905041379   0.4526818855   0.4037131027   0.3448035635   0.2774038162   0.2031734662   0.1239403113   0.0416553346  -0.0416553348  -0.1239403115  -0.2031734665  -0.2774038164  -0.3448035637  -0.4037131029  -0.4526818857  -0.4905041381  -0.5162485507  -0.5292812107
   0.4980246344   0.4857616151   0.4615375326   0.4259488643   0.3798719214   0.3244412710   0.2610217997   0.1911751055   0.1166210457   0.0391953887  -0.0391953889  -0.1166210459  -0.1911751057  -0.2610217999  -0.3244412711  -0.3798719215  -0.4259488645  -0.4615375327  -0.4857616152  -0.4980246346
   0.4648302540   0.4533845904   0.4307750936   0.3975584842   0.3545526656   0.3028165837   0.2436241524   0.1784328860   0.1088480098   0.0365829343  -0.0365829345  -0.1088480100  -0.1784328862  -0.2436241526  -0.3028165838  -0.3545526658  -0.3975584844  -0.4307750937  -0.4533845905  -0.4648302541
   0.4329455926   0.4222850352   0.4012264188   0.3702882764   0.3302324076   0.2820451211   0.2269129476   0.1661934242   0.1013816672   0.0340735570  -0.0340735572  -0.1013816673  -0.1661934244  -0.2269129477  -0.2820451212  -0.3302324078  -0.3702882765  -0.4012264189  -0.4222850353  -0.4329455927
   0.4055799091   0.3955931857   0.3758656451   0.3468830450   0.3093590330   0.2642175750   0.2125702033   0.1556886478   0.0949735210   0.0319198310  -0.0319198312  -0.0949735212  -0.1556886479  -0.2125702035  -0.2642175751  -0.3093590331  -0.3468830451  -0.3758656452  -0.3955931858  -0.4055799092
   0.3855568435   0.3760631544   0.3573095424   0.3297577836   0.2940862938   0.2511734234   0.2020758297   0.1480024584   0.0902847754   0.0303439816  -0.0303439817  -0.0902847755  -0.1480024585  -0.2020758298  -0.2511734235  -0.2940862939  -0.3297577837  -0.3573095425  -0.3760631546  -0.3855568436
   0.3749824350   0.3657491230   0.3475098537   0.3207137384   0.2860205866   0.2442846586   0.1965336316   0.1439432944   0.0878085955   0.0295117576  -0.0295117577  -0.0878085957  -0.1439432945  -0.1965336318  -0.2442846588  -0.2860205867  -0.3207137385  -0.3475098538  -0.3657491231  -0.3749824351
