   0.2374327367   0.1569445614   0.1008596867   0.0623887966   0.0365205796   0.0195460319   0.0086821112   0.3875294989   0.0024805473   0.0047237501   0.0079886146   0.0118634129   0.0160154789   0.0201738667   0.0241170446   0.0276644496   0.0306708968   0.0330230227   0.0346371254   0.0354579278
   0.3045637531   0.2389410477   0.1903577144   0.1526019786   0.1214312749   0.0939344688   0.0680673049   0.3174302989   0.0260662821   0.0091231600  -0.0080601783  -0.0250350326  -0.0413733700  -0.0566707353  -0.0705519613  -0.0826781185  -0.0927536852  -0.1005332629  -0.1058273812  -0.1085070823
   0.3786773030   0.3232742564   0.2780835663   0.2382286830   0.2005066208   0.1628457415   0.1239050702   0.2779036055   0.0504556433   0.0163123667  -0.0186062393  -0.0532995589  -0.0868250725  -0.1183021134  -0.1469212582  -0.1719565035  -0.1927782694  -0.2088658548  -0.2198183744  -0.2253634937
   0.4549260633   0.4061776834   0.3616800221   0.3181002160   0.2732923491   0.2259601668   0.1753834008   0.2589274988   0.0740224944   0.0244905743  -0.0259753610  -0.0759986435  -0.1242663506  -0.1695411851  -0.2106792873  -0.2466506049  -0.2765594807  -0.2996638029  -0.3153915339  -0.3233537736
   0.5288254893   0.4841575626   0.4387305533   0.3906894074   0.3388442606   0.2825673579   0.2216619698   0.2530361034   0.0957040702   0.0325905123  -0.0314356507  -0.0947252232  -0.1556837197  -0.2127941183  -0.2646446878  -0.3099583588  -0.3476211966  -0.3767082461  -0.3965054995  -0.4065270912
   0.5964456247   0.5541307190   0.5069712428   0.4544005380   0.3960374394   0.3318053098   0.2619349751   0.2547031091   0.1147828298   0.0399784809  -0.0356436920  -0.1102280110  -0.1819590756  -0.2490956399  -0.3100082893  -0.3632173996  -0.4074289643  -0.4415665736  -0.4647983032  -0.4765576120
   0.6544920082   0.6134980762   0.5644236777   0.5077573485   0.4437697709   0.3728229603   0.2954873935   0.2598731727   0.1307663063   0.0462787248  -0.0389141495  -0.1227982344  -0.2033847246  -0.2787540114  -0.3471020865  -0.4067860023  -0.4563660488  -0.4946429818  -0.5206890966  -0.5338722578
   0.7003327611   0.6601867820   0.6094837724   0.5495306814   0.4811013109   0.4048954047   0.3217457833   0.2656147903   0.1433253016   0.0512728286  -0.0413819751  -0.1325070330  -0.2199823346  -0.3017521414  -0.3758785027  -0.4405927700  -0.4943428593  -0.5358346621  -0.5640664367  -0.5783553164
   0.7320021779   0.6926790923   0.6409875038   0.5788317311   0.5073559762   0.4275108515   0.3403255302   0.2698696812   0.1522667648   0.0548440964  -0.0430998934  -0.1393526592  -0.2317033396  -0.3180011906  -0.3962143673  -0.4644858722  -0.5211845108  -0.5649493224  -0.5947263574  -0.6097969613
   0.7481961377   0.7100382583   0.6582669227   0.5951880581   0.5222033361   0.4404426333   0.3510772281   0.2712777510   0.1575277236   0.0569488743  -0.0440974516  -0.1433543332  -0.2385593722  -0.3275071975  -0.4081115906  -0.4784641874  -0.5368876922  -0.5819821336  -0.6126630719  -0.6281909424
   0.7482665313   0.7119380345   0.6612063032   0.5986151593   0.5257338450   0.4438167832   0.3541359490   0.2690616514   0.1591830693   0.0576042875  -0.0444178256  -0.1446160079  -0.2407137150  -0.3304895527  -0.4118408403  -0.4828434041  -0.5418056332  -0.5873153828  -0.6182786727  -0.6339493857
   0.7322177111   0.6987015212   0.6503076440   0.5896951836   0.5185394680   0.4381850955   0.3499787103   0.2629600937   0.1574643742   0.0568866679  -0.0441424117  -0.1433752060  -0.2385544337  -0.3274774851  -0.4080595931  -0.4783931348  -0.5368011830  -0.5818839448  -0.6125570654  -0.6280810192
   0.7007058585   0.6713560686   0.6267763492   0.5696757285   0.5018127470   0.4246149210   0.3394977569   0.2532042658   0.1527902463   0.0549381993  -0.0434095038  -0.1400475134  -0.2327642230  -0.3194039569  -0.3979280429  -0.4664721663  -0.5233981958  -0.5673391582  -0.5972363583  -0.6123678756
   0.6550409147   0.6317135650   0.5926417042   0.5406054703   0.4774808513   0.4048102243   0.3241007007   0.2405371006   0.1458117560   0.0519817643  -0.0424311005  -0.1352750300  -0.2243995282  -0.3077136245  -0.3832432998  -0.4491856166  -0.5039577822  -0.5462398298  -0.5750099104  -0.5895714244
   0.5971893648   0.5824896056   0.5509330376   0.5055300273   0.4483974098   0.3812840505   0.3058535961   0.2262811759   0.1374797973   0.0483462403  -0.0415104739  -0.1299863299  -0.2149912898  -0.2945017321  -0.3666128628  -0.4295885852  -0.4819070139  -0.5223002716  -0.5497875190  -0.5637004148
   0.5297737157   0.5274810623   0.5059419745   0.4687817983   0.4186247462   0.3576112529   0.2876904361   0.2124683503   0.1291454993   0.0445070367  -0.0410621057  -0.1254758209  -0.2066812099  -0.2827034265  -0.3516919031  -0.4119652241  -0.4620526430  -0.5007307332  -0.5270540118  -0.5403786538
   0.4560596583   0.4718299662   0.4636151884   0.4364129801   0.3938538998   0.3388033431   0.2737233728   0.2020537574   0.1227106956   0.0411500553  -0.0416345390  -0.1235114887  -0.2024104931  -0.2763577979  -0.3435152538  -0.4022198333  -0.4510211536  -0.4887151680  -0.5143726400  -0.5273613599
   0.3799126477   0.4224131238   0.4321424481   0.4168437652   0.3820316261   0.3318665008   0.2697037970   0.1992498270   0.1208539586   0.0392721666  -0.0439351553  -0.1264815856  -0.2061824381  -0.2809779294  -0.3489642304  -0.4084277327  -0.4578791755  -0.4960851793  -0.5220953803  -0.5352638462
   0.3056887442   0.3884125622   0.4228343595   0.4218311495   0.3942956026   0.3466318705   0.2837074997   0.2100343948   0.1273701785   0.0403386917  -0.0488532054  -0.1375924861  -0.2234258598  -0.3040673692  -0.3774206267  -0.4416085057  -0.4950052712  -0.5362676011  -0.5643619624  -0.5785865494
   0.2379947185   0.3821430408   0.4514270832   0.4679126851   0.4463659267   0.3969883034   0.3271508150   0.2429133819   0.1476800821   0.0465297276  -0.0574725873  -0.1611310105  -0.2614927121  -0.3558345336  -0.4416754087  -0.5168028460  -0.5793055473  -0.6276067333  -0.6604944293  -0.6771461319
