   0.2661014999   0.2467443689   0.2267347570   0.1741939328   0.1147357160   0.0457607809  -0.0162849490  -0.0639981543  -0.0953457023  -0.1113642264
   0.2626420282   0.2832947883   0.2347433909   0.2226799316   0.1475999796   0.0785072476  -0.0044332243  -0.0679965563  -0.1074393834  -0.1196788949
   0.2858645611   0.2657052215   0.3141517806   0.2689951023   0.2604994016   0.1690774707   0.0489141388  -0.1114635675  -0.2636556615  -0.3375561387
   0.2660168439   0.3096822722   0.3122764871   0.3725050641   0.3675968302   0.3524352625   0.1823409222  -0.2493203271  -0.8799413185  -1.4390671593
   0.2468041265   0.2658703054   0.3093857955   0.3808495310   0.4548124706   0.5038122386   0.3891706023  -0.2467387621  -1.6607067458  -2.9954645435
   0.1969006175   0.2116274749   0.2802741069   0.2785279564   0.4282560077   0.5052257505   0.5150517812  -0.0005383881  -1.4283196756  -3.0028537022
   0.1466184337   0.1623167777   0.1448992702   0.2720696454   0.2106628352   0.3995712526   0.4376929612   0.2668525956  -0.4504010797  -1.3249558700
   0.0949908986   0.1048007198   0.1346764336   0.0808159152   0.2224343282   0.1474463099   0.2982242581   0.3002374859   0.1347300133  -0.1197430418
   0.0737297956   0.0630967387   0.0671173099   0.1000556064   0.0594766748   0.1465849090   0.1415965046   0.2357353031   0.2061056193   0.0888458020
   0.0496387897   0.0555285558   0.0547858974   0.0571088626   0.0729600679   0.0825779065   0.1288756317   0.1938985596   0.1845480276   0.0727297239
